fly,treatment,trial,iteration,body_length,limb_length,frame,L1_leg_down,L1_leg_loc,R1_leg_down,R1_leg_loc,L2_leg_down,L2_leg_loc,R2_leg_down,R2_leg_loc,L3_leg_down,L3_leg_loc,R3_leg_down,R3_leg_loc,head_pos,center_pos,COM_dist,COM_speed,num_feet_down,tail_pos
CA61,g24,1_00-02-03,5,3.3756, ,0,1,"(1063.5, 526.25)",1,"(1122.5, 349.75)",1,"(1188.0, 559.75)",1,"(1225.25, 288.25)",1,"(1311.0, 558.0)",1,"(1350.75, 373.75)","(1102.0, 425.0)","(1212.0, 417.5)",0.0,0.0,6,"(1367.5, 449.5)"
CA61,g24,1_00-02-03,5,3.3756, ,1,1,"(1063.5, 526.25)",1,"(1122.5, 349.75)",1,"(1188.0, 559.75)",1,"(1225.25, 288.25)",1,"(1311.0, 558.0)",1,"(1350.75, 373.75)","(1102.0, 425.0)","(1212.0, 417.5)",0.0,0.0,6,"(1367.5, 449.5)"
CA61,g24,1_00-02-03,5,3.3756, ,2,1,"(1063.5, 526.25)",1,"(1122.5, 349.75)",1,"(1188.0, 559.75)",1,"(1225.25, 288.25)",1,"(1311.0, 558.0)",1,"(1350.75, 373.75)","(1102.0, 425.0)","(1212.0, 417.5)",0.0,0.0,6,"(1367.5, 449.5)"
CA61,g24,1_00-02-03,5,3.3756, ,3,1,"(1063.5, 526.25)",1,"(1122.5, 349.75)",1,"(1188.0, 559.75)",1,"(1225.25, 288.25)",1,"(1311.0, 558.0)",1,"(1350.75, 373.75)","(1102.0, 425.0)","(1212.0, 417.5)",0.0,0.0,6,"(1367.5, 449.5)"
CA61,g24,1_00-02-03,5,3.3756, ,4,1,"(1063.5, 526.25)",1,"(1122.5, 349.75)",1,"(1188.0, 559.75)",1,"(1225.25, 288.25)",1,"(1311.0, 558.0)",1,"(1350.75, 373.75)","(1102.0, 425.0)","(1212.0, 417.5)",0.0,0.0,6,"(1367.5, 449.5)"
CA61,g24,1_00-02-03,5,3.3756, ,5,1,"(1063.5, 526.25)",1,"(1122.5, 349.75)",1,"(1188.0, 559.75)",1,"(1225.25, 288.25)",1,"(1311.0, 558.0)",1,"(1350.75, 373.75)","(1102.0, 425.0)","(1212.0, 417.5)",0.0,0.0,6,"(1367.5, 449.5)"
CA61,g24,1_00-02-03,5,3.3756, ,6,1,"(1063.5, 526.25)",1,"(1122.5, 349.75)",1,"(1188.0, 559.75)",1,"(1225.25, 288.25)",0,0,1,"(1350.75, 373.75)","(1102.0, 425.0)","(1212.0, 417.5)",0.13774818391669383,10.004407365715394,5,"(1367.5, 449.5)"
CA61,g24,1_00-02-03,5,3.3756, ,7,1,"(1063.5, 526.25)",0,0,1,"(1188.0, 559.75)",1,"(1225.25, 288.25)",0,0,1,"(1350.75, 373.75)","(1092.0, 428.5)","(1202.5, 423.0)",0.08156535204233366,5.923947492861274,4,"(1353.0, 448.0)"
CA61,g24,1_00-02-03,5,3.3756, ,8,1,"(1063.5, 526.25)",0,0,1,"(1188.0, 559.75)",1,"(1225.25, 288.25)",0,0,1,"(1350.75, 373.75)","(1083.0, 430.5)","(1196.5, 425.5)",0.11170998507206521,8.113298961203101,4,"(1348.5, 453.0)"
CA61,g24,1_00-02-03,5,3.3756, ,9,1,"(1063.5, 526.25)",0,0,0,0,1,"(1225.25, 288.25)",1,"(1255.0, 575.5)",1,"(1350.75, 373.75)","(1079.5, 431.5)","(1191.0, 432.5)",0.0690168363435131,5.012570955498002,4,"(1340.5, 466.0)"
CA61,g24,1_00-02-03,5,3.3756, ,10,1,"(1063.5, 526.25)",0,0,0,0,1,"(1225.25, 288.25)",1,"(1255.0, 575.5)",0,0,"(1079.5, 431.5)","(1191.0, 438.0)",0.07658707738628033,5.562384195099797,3,"(1326.5, 472.0)"
CA61,g24,1_00-02-03,5,3.3756, ,11,1,"(1063.5, 526.25)",1,"(1014.25, 350.25)",0,0,1,"(1225.25, 288.25)",1,"(1255.0, 575.5)",0,0,"(1072.5, 433.0)","(1186.0, 441.5)",0.1750056867486589,12.710354008073276,4,"(1321.0, 473.5)"
CA61,g24,1_00-02-03,5,3.3756, ,12,1,"(1063.5, 526.25)",1,"(1014.25, 350.25)",1,"(1128.75, 601.0)",1,"(1225.25, 288.25)",1,"(1255.0, 575.5)",0,0,"(1067.0, 435.5)","(1172.5, 445.0)",0.10347771134191719,7.515403456516909,5,"(1311.0, 473.0)"
CA61,g24,1_00-02-03,5,3.3756, ,13,1,"(1063.5, 526.25)",1,"(1014.25, 350.25)",1,"(1128.75, 601.0)",1,"(1225.25, 288.25)",1,"(1255.0, 575.5)",1,"(1265.0, 382.0)","(1058.0, 437.0)","(1164.5, 447.0)",0.018822773548230844,1.367064806044909,6,"(1304.5, 472.5)"
CA61,g24,1_00-02-03,5,3.3756, ,14,0,0,1,"(1014.25, 350.25)",1,"(1128.75, 601.0)",1,"(1225.25, 288.25)",1,"(1255.0, 575.5)",1,"(1265.0, 382.0)","(1050.0, 434.5)","(1164.5, 445.5)",0.07014833529821515,5.094749726606639,5,"(1297.0, 472.0)"
CA61,g24,1_00-02-03,5,3.3756, ,15,0,0,1,"(1014.25, 350.25)",1,"(1128.75, 601.0)",1,"(1225.25, 288.25)",1,"(1255.0, 575.5)",1,"(1265.0, 382.0)","(1046.0, 438.0)","(1159.0, 446.5)",0.10116936792246208,7.347752549974549,5,"(1297.0, 472.0)"
CA61,g24,1_00-02-03,5,3.3756, ,16,0,0,1,"(1014.25, 350.25)",1,"(1128.75, 601.0)",1,"(1225.25, 288.25)",1,"(1255.0, 575.5)",1,"(1265.0, 382.0)","(1035.0, 441.0)","(1151.0, 447.5)",0.0949467500625641,6.895814802546644,5,"(1283.0, 471.0)"
CA61,g24,1_00-02-03,5,3.3756, ,17,0,0,1,"(1014.25, 350.25)",1,"(1128.75, 601.0)",0,0,1,"(1255.0, 575.5)",1,"(1265.0, 382.0)","(1031.5, 441.5)","(1143.5, 446.5)",0.11311079195765594,8.215037091795256,4,"(1273.5, 468.5)"
CA61,g24,1_00-02-03,5,3.3756, ,18,0,0,1,"(1014.25, 350.25)",1,"(1128.75, 601.0)",0,0,1,"(1255.0, 575.5)",1,"(1265.0, 382.0)","(1020.5, 449.5)","(1134.5, 446.0)",0.1293471391773965,9.394254320646137,4,"(1269.0, 463.5)"
CA61,g24,1_00-02-03,5,3.3756, ,19,0,0,1,"(1014.25, 350.25)",1,"(1128.75, 601.0)",0,0,1,"(1255.0, 575.5)",1,"(1265.0, 382.0)","(1016.5, 455.0)","(1124.5, 448.5)",0.14647402432063905,10.638149746392305,4,"(1264.5, 456.0)"
CA61,g24,1_00-02-03,5,3.3756, ,20,0,0,1,"(1014.25, 350.25)",1,"(1128.75, 601.0)",1,"(1063.5, 337.5)",1,"(1255.0, 575.5)",1,"(1265.0, 382.0)","(1015.0, 461.0)","(1113.0, 450.5)",0.006274257849410282,0.4556882686816364,5,"(1261.0, 453.5)"
CA61,g24,1_00-02-03,5,3.3756, ,21,1,"(971.5, 564.0)",1,"(1014.25, 350.25)",1,"(1128.75, 601.0)",1,"(1063.5, 337.5)",0,0,1,"(1265.0, 382.0)","(1009.0, 465.5)","(1113.0, 451.0)",0.0,0.0,5,"(1263.5, 452.0)"
CA61,g24,1_00-02-03,5,3.3756, ,22,1,"(971.5, 564.0)",1,"(1014.25, 350.25)",1,"(1128.75, 601.0)",1,"(1063.5, 337.5)",0,0,1,"(1265.0, 382.0)","(1010.0, 469.5)","(1113.0, 451.0)",0.0,0.0,5,"(1263.5, 452.0)"
CA61,g24,1_00-02-03,5,3.3756, ,23,1,"(971.5, 564.0)",0,0,1,"(1128.75, 601.0)",1,"(1063.5, 337.5)",1,"(1232.5, 586.5)",1,"(1267.25, 378.25)","(1010.5, 475.0)","(1113.0, 451.0)",0.1167079423178506,8.476291770701815,5,"(1263.5, 452.0)"
CA61,g24,1_00-02-03,5,3.3756, ,24,1,"(971.5, 564.0)",0,0,0,0,1,"(1063.5, 337.5)",1,"(1232.5, 586.5)",0,0,"(1010.5, 479.5)","(1105.5, 456.5)",0.07985826490015682,5.799964768054966,3,"(1259.0, 459.5)"
CA61,g24,1_00-02-03,5,3.3756, ,25,1,"(971.5, 564.0)",0,0,0,0,1,"(1063.5, 337.5)",1,"(1232.5, 586.5)",0,0,"(1002.5, 481.5)","(1101.0, 461.0)",0.10721456512889872,7.786804548626326,3,"(1246.5, 458.5)"
CA61,g24,1_00-02-03,5,3.3756, ,26,1,"(971.5, 564.0)",0,0,0,0,1,"(1063.5, 337.5)",1,"(1232.5, 586.5)",0,0,"(992.5, 484.5)","(1093.0, 464.0)",0.20695542268383438,15.030806913033818,3,"(1234.0, 458.5)"
CA61,g24,1_00-02-03,5,3.3756, ,27,1,"(971.5, 564.0)",0,0,0,0,1,"(1063.5, 337.5)",1,"(1232.5, 586.5)",0,0,"(979.0, 483.5)","(1077.0, 468.0)",0.10666238343997479,7.74670056758782,3,"(1229.0, 465.5)"
CA61,g24,1_00-02-03,5,3.3756, ,28,1,"(971.5, 564.0)",0,0,0,0,1,"(1063.5, 337.5)",1,"(1232.5, 586.5)",0,0,"(973.0, 487.5)","(1069.5, 472.0)",0.10385744733856551,7.542983011425547,3,"(1226.5, 468.0)"
CA61,g24,1_00-02-03,5,3.3756, ,29,1,"(971.5, 564.0)",0,0,1,"(1031.5, 641.75)",1,"(1063.5, 337.5)",1,"(1232.5, 586.5)",1,"(1184.0, 371.75)","(970.5, 488.0)","(1062.0, 475.5)",0.044365702722309344,3.222202648919426,5,"(1221.0, 471.0)"
CA61,g24,1_00-02-03,5,3.3756, ,30,1,"(971.5, 564.0)",1,"(960.0, 436.75)",1,"(1031.5, 641.75)",1,"(1063.5, 337.5)",1,"(1232.5, 586.5)",1,"(1184.0, 371.75)","(962.5, 493.0)","(1059.5, 478.0)",0.11118013235339473,8.07481669384619,6,"(1220.5, 471.5)"
CA61,g24,1_00-02-03,5,3.3756, ,31,0,0,1,"(960.0, 436.75)",1,"(1031.5, 641.75)",1,"(1063.5, 337.5)",1,"(1232.5, 586.5)",1,"(1184.0, 371.75)","(957.0, 495.5)","(1051.0, 480.5)",0.0,0.0,5,"(1210.5, 472.5)"
CA61,g24,1_00-02-03,5,3.3756, ,32,0,0,1,"(960.0, 436.75)",1,"(1031.5, 641.75)",0,0,1,"(1232.5, 586.5)",1,"(1184.0, 371.75)","(953.5, 500.0)","(1051.0, 480.5)",0.08180631372547421,5.94144811442391,4,"(1204.5, 467.5)"
CA61,g24,1_00-02-03,5,3.3756, ,33,0,0,1,"(960.0, 436.75)",1,"(1031.5, 641.75)",0,0,1,"(1232.5, 586.5)",1,"(1186.25, 367.75)","(949.5, 507.0)","(1044.5, 481.0)",0.10517572699348988,7.638727334978839,4,"(1197.0, 473.5)"
CA61,g24,1_00-02-03,5,3.3756, ,34,1,"(915.25, 642.75)",1,"(960.0, 436.75)",1,"(1031.5, 641.75)",0,0,1,"(1232.5, 586.5)",1,"(1186.5, 362.25)","(943.5, 515.0)","(1036.5, 483.5)",0.07316979139153376,5.314192747455925,5,"(1194.5, 468.5)"
CA61,g24,1_00-02-03,5,3.3756, ,35,1,"(915.25, 642.75)",1,"(960.0, 436.75)",1,"(1031.5, 641.75)",1,"(964.5, 376.75)",1,"(1232.5, 586.5)",1,"(1187.25, 356.75)","(937.5, 516.5)","(1031.5, 486.5)",0.006274257849410282,0.4556882686816364,6,"(1189.5, 467.5)"
CA61,g24,1_00-02-03,5,3.3756, ,36,1,"(915.25, 642.75)",1,"(960.0, 436.75)",1,"(1031.5, 641.75)",1,"(964.5, 376.75)",0,0,0,0,"(936.5, 517.5)","(1031.5, 487.0)",0.0,0.0,4,"(1189.5, 467.5)"
CA61,g24,1_00-02-03,5,3.3756, ,37,1,"(915.25, 642.75)",0,0,1,"(1031.5, 641.75)",1,"(964.5, 376.75)",0,0,0,0,"(940.5, 523.5)","(1031.5, 487.0)",0.07658707738628033,5.562384195099797,3,"(1185.0, 470.0)"
CA61,g24,1_00-02-03,5,3.3756, ,38,1,"(925.75, 638.25)",0,0,1,"(1031.5, 641.75)",1,"(964.5, 376.75)",0,0,0,0,"(948.0, 530.0)","(1028.0, 492.0)",0.0,0.0,3,"(1180.5, 471.0)"
CA61,g24,1_00-02-03,5,3.3756, ,39,1,"(925.75, 638.25)",0,0,1,"(1031.5, 641.75)",1,"(964.5, 376.75)",1,"(1180.75, 586.5)",0,0,"(948.0, 531.0)","(1028.0, 492.0)",0.0,0.0,4,"(1180.5, 471.0)"
CA61,g24,1_00-02-03,5,3.3756, ,40,1,"(925.75, 638.25)",0,0,1,"(1031.5, 641.75)",1,"(964.5, 376.75)",1,"(1180.75, 586.5)",0,0,"(948.0, 531.0)","(1028.0, 492.0)",0.059191230168994635,4.298954528842098,4,"(1180.5, 471.0)"
CA61,g24,1_00-02-03,5,3.3756, ,41,1,"(925.75, 638.25)",0,0,1,"(1031.5, 641.75)",1,"(964.5, 376.75)",1,"(1194.25, 580.5)",0,0,"(949.0, 540.0)","(1025.5, 496.0)",0.06757582512306333,4.907912855056801,4,"(1180.5, 471.0)"
CA61,g24,1_00-02-03,5,3.3756, ,42,1,"(925.75, 638.25)",0,0,1,"(1031.5, 641.75)",1,"(964.5, 376.75)",1,"(1194.25, 580.5)",0,0,"(953.0, 544.0)","(1027.5, 501.0)",0.07014833529821515,5.094749726606639,4,"(1179.0, 464.5)"
CA61,g24,1_00-02-03,5,3.3756, ,43,1,"(925.75, 638.25)",0,0,1,"(1031.5, 641.75)",1,"(964.5, 376.75)",1,"(1194.25, 580.5)",1,"(1077.5, 384.75)","(947.0, 539.5)","(1028.5, 506.5)",0.0568158212823919,4.126432775843261,5,"(1171.5, 472.0)"
CA61,g24,1_00-02-03,5,3.3756, ,44,1,"(925.75, 638.25)",1,"(932.0, 507.5)",0,0,1,"(964.5, 376.75)",1,"(1194.25, 580.5)",1,"(1077.5, 384.75)","(944.0, 539.0)","(1024.0, 507.0)",0.0,0.0,5,"(1169.5, 475.0)"
CA61,g24,1_00-02-03,5,3.3756, ,45,1,"(925.75, 638.25)",1,"(932.0, 507.5)",0,0,1,"(964.5, 376.75)",1,"(1194.25, 580.5)",1,"(1077.5, 384.75)","(936.5, 537.0)","(1024.0, 507.0)",0.07936378172530494,5.76405132821098,5,"(1165.0, 480.5)"
CA61,g24,1_00-02-03,5,3.3756, ,46,1,"(925.75, 638.25)",1,"(932.0, 507.5)",1,"(1003.25, 664.5)",1,"(964.5, 376.75)",1,"(1194.25, 580.5)",1,"(1077.5, 384.75)","(931.5, 537.0)","(1018.0, 509.0)",0.07316979139153376,5.314192747455925,6,"(1163.0, 484.0)"
CA61,g24,1_00-02-03,5,3.3756, ,47,1,"(925.75, 638.25)",1,"(932.0, 507.5)",1,"(1003.25, 664.5)",1,"(964.5, 376.75)",1,"(1194.25, 580.5)",1,"(1077.5, 384.75)","(926.5, 537.5)","(1013.0, 512.0)",0.0693014430616575,5.033241438885702,6,"(1162.0, 488.5)"
CA61,g24,1_00-02-03,5,3.3756, ,48,1,"(925.75, 638.25)",0,0,1,"(1003.25, 664.5)",1,"(964.5, 376.75)",1,"(1194.25, 580.5)",1,"(1077.5, 384.75)","(915.5, 540.5)","(1007.5, 512.5)",0.033787912561531665,2.4539564275284005,5,"(1159.5, 490.0)"
CA61,g24,1_00-02-03,5,3.3756, ,49,1,"(925.75, 638.25)",0,0,1,"(1003.25, 664.5)",1,"(964.5, 376.75)",1,"(1194.25, 580.5)",1,"(1077.5, 384.75)","(915.5, 540.5)","(1005.0, 513.5)",0.06757582512306333,4.907912855056801,5,"(1152.5, 488.0)"
CA61,g24,1_00-02-03,5,3.3756, ,50,1,"(925.75, 638.25)",0,0,1,"(1003.25, 664.5)",1,"(964.5, 376.75)",1,"(1194.25, 580.5)",1,"(1077.5, 384.75)","(911.0, 541.5)","(1000.0, 515.5)",0.08739029947775662,6.347003139555633,5,"(1143.5, 485.5)"
CA61,g24,1_00-02-03,5,3.3756, ,51,1,"(925.75, 638.25)",0,0,1,"(1009.25, 664.25)",1,"(964.5, 376.75)",1,"(1194.25, 580.5)",1,"(1077.5, 384.75)","(905.0, 545.5)","(993.5, 518.0)",0.08370904047853973,6.079639798713735,5,"(1137.5, 487.5)"
CA61,g24,1_00-02-03,5,3.3756, ,52,1,"(925.75, 638.25)",0,0,1,"(1009.25, 664.25)",1,"(964.5, 376.75)",0,0,1,"(1077.5, 384.75)","(898.5, 547.0)","(987.0, 519.5)",0.0715375461063297,5.19564565456775,4,"(1136.5, 490.5)"
CA61,g24,1_00-02-03,5,3.3756, ,53,1,"(925.75, 638.25)",1,"(849.0, 524.5)",1,"(1009.25, 664.25)",1,"(964.5, 376.75)",0,0,1,"(1077.5, 384.75)","(893.0, 548.0)","(981.5, 521.0)",0.07014833529821515,5.094749726606639,5,"(1136.0, 495.0)"
CA61,g24,1_00-02-03,5,3.3756, ,54,1,"(925.75, 638.25)",1,"(849.0, 524.5)",1,"(1013.0, 662.5)",1,"(964.5, 376.75)",0,0,1,"(1077.5, 384.75)","(890.5, 549.5)","(976.0, 522.0)",0.06398512641491146,4.647126748245952,5,"(1133.5, 504.5)"
CA61,g24,1_00-02-03,5,3.3756, ,55,1,"(925.75, 638.25)",1,"(849.0, 524.5)",0,0,1,"(964.5, 376.75)",1,"(1128.0, 635.5)",1,"(1077.5, 384.75)","(888.5, 546.0)","(971.0, 523.0)",0.02805933411928606,2.037899890642655,5,"(1133.0, 505.5)"
CA61,g24,1_00-02-03,5,3.3756, ,56,1,"(925.75, 638.25)",1,"(849.0, 524.5)",0,0,1,"(964.5, 376.75)",1,"(1128.0, 635.5)",1,"(1077.5, 384.75)","(884.5, 545.0)","(970.0, 521.0)",0.06398512641491146,4.647126748245952,5,"(1130.0, 503.0)"
CA61,g24,1_00-02-03,5,3.3756, ,57,1,"(925.75, 638.25)",1,"(849.0, 524.5)",0,0,1,"(964.5, 376.75)",1,"(1128.0, 635.5)",1,"(1077.5, 384.75)","(882.0, 545.5)","(965.0, 520.0)",0.051738855670958595,3.7577017282584544,5,"(1130.0, 503.0)"
CA61,g24,1_00-02-03,5,3.3756, ,58,1,"(925.75, 638.25)",1,"(849.0, 524.5)",0,0,1,"(964.5, 376.75)",1,"(1128.0, 635.5)",1,"(1077.5, 384.75)","(879.0, 544.0)","(961.0, 519.0)",0.0,0.0,5,"(1119.0, 502.0)"
CA61,g24,1_00-02-03,5,3.3756, ,59,1,"(925.75, 638.25)",1,"(849.0, 524.5)",0,0,1,"(964.5, 376.75)",1,"(1128.0, 635.5)",1,"(1077.5, 384.75)","(875.0, 537.5)","(961.0, 519.0)",0.08156535204233366,5.923947492861274,5,"(1114.5, 506.0)"
CA61,g24,1_00-02-03,5,3.3756, ,60,0,0,1,"(849.0, 524.5)",1,"(953.25, 661.25)",1,"(964.5, 376.75)",1,"(1128.0, 635.5)",0,0,"(869.5, 538.5)","(954.5, 519.0)",0.006274257849410282,0.4556882686816364,4,"(1115.0, 506.0)"
CA61,g24,1_00-02-03,5,3.3756, ,61,0,0,1,"(849.0, 524.5)",1,"(953.25, 661.25)",1,"(964.5, 376.75)",1,"(1128.0, 635.5)",0,0,"(869.0, 538.5)","(954.0, 519.0)",0.022622158391531186,1.643007418359051,4,"(1115.0, 506.0)"
CA61,g24,1_00-02-03,5,3.3756, ,62,0,0,1,"(849.0, 524.5)",1,"(953.25, 661.25)",1,"(964.5, 376.75)",1,"(1128.0, 635.5)",1,"(1042.75, 416.5)","(860.0, 525.5)","(952.5, 518.0)",0.051738855670958595,3.7577017282584544,5,"(1107.0, 508.0)"
CA61,g24,1_00-02-03,5,3.3756, ,63,0,0,1,"(849.0, 524.5)",1,"(953.25, 661.25)",1,"(964.5, 376.75)",1,"(1128.0, 635.5)",1,"(1042.75, 416.5)","(857.0, 522.0)","(948.5, 517.0)",0.10038812559056451,7.291012298906183,5,"(1102.5, 517.5)"
CA61,g24,1_00-02-03,5,3.3756, ,64,0,0,1,"(849.0, 524.5)",1,"(953.25, 661.25)",0,0,1,"(1128.0, 635.5)",1,"(1042.75, 416.5)","(849.0, 531.0)","(940.5, 517.0)",0.12611102200282956,9.159220844508729,4,"(1095.0, 523.5)"
CA61,g24,1_00-02-03,5,3.3756, ,65,0,0,1,"(849.0, 524.5)",1,"(953.25, 661.25)",0,0,1,"(1128.0, 635.5)",1,"(1042.75, 416.5)","(843.0, 531.5)","(930.5, 518.0)",0.08873140544461869,6.444405297838852,4,"(1089.0, 526.0)"
CA61,g24,1_00-02-03,5,3.3756, ,66,0,0,1,"(849.0, 524.5)",1,"(953.25, 661.25)",0,0,0,0,1,"(1042.75, 416.5)","(835.0, 532.5)","(923.5, 519.0)",0.051738855670958595,3.7577017282584544,3,"(1084.5, 521.0)"
CA61,g24,1_00-02-03,5,3.3756, ,67,0,0,1,"(849.0, 524.5)",1,"(953.25, 661.25)",1,"(876.5, 405.75)",0,0,1,"(1042.75, 416.5)","(824.5, 535.5)","(919.5, 518.0)",0.04391980494587197,3.189817880771455,4,"(1076.5, 516.5)"
CA61,g24,1_00-02-03,5,3.3756, ,68,0,0,1,"(849.0, 524.5)",1,"(953.25, 661.25)",1,"(876.5, 405.75)",0,0,1,"(1042.75, 416.5)","(818.5, 534.5)","(916.0, 518.0)",0.08873140544461869,6.444405297838852,4,"(1062.5, 517.0)"
CA61,g24,1_00-02-03,5,3.3756, ,69,1,"(820.5, 627.75)",1,"(849.0, 524.5)",1,"(953.25, 661.25)",1,"(876.5, 405.75)",0,0,1,"(1042.75, 416.5)","(812.5, 531.5)","(909.0, 517.0)",0.0617942733706449,4.4880089601920945,5,"(1062.5, 515.0)"
CA61,g24,1_00-02-03,5,3.3756, ,70,1,"(820.5, 627.75)",0,0,1,"(953.25, 661.25)",1,"(876.5, 405.75)",1,"(1030.75, 629.0)",1,"(1042.75, 416.5)","(809.0, 531.5)","(904.5, 515.0)",0.018822773548230844,1.367064806044909,5,"(1057.5, 516.0)"
CA61,g24,1_00-02-03,5,3.3756, ,71,1,"(820.5, 627.75)",0,0,0,0,1,"(876.5, 405.75)",1,"(1030.75, 629.0)",1,"(1042.75, 416.5)","(809.5, 529.5)","(903.0, 515.0)",0.11921089913879536,8.658077104951092,4,"(1056.5, 516.5)"
CA61,g24,1_00-02-03,5,3.3756, ,72,1,"(820.5, 627.75)",0,0,0,0,1,"(876.5, 405.75)",1,"(1030.75, 629.0)",1,"(1042.75, 416.5)","(800.5, 524.0)","(893.5, 515.0)",0.05646832064469254,4.101194418134728,4,"(1052.0, 517.0)"
CA61,g24,1_00-02-03,5,3.3756, ,73,1,"(820.5, 627.75)",0,0,0,0,1,"(876.5, 405.75)",1,"(1030.75, 629.0)",1,"(1042.75, 416.5)","(795.5, 523.5)","(889.0, 515.0)",0.03137128924705141,2.2784413434081823,4,"(1045.5, 518.0)"
CA61,g24,1_00-02-03,5,3.3756, ,74,1,"(820.5, 627.75)",0,0,0,0,1,"(876.5, 405.75)",1,"(1030.75, 629.0)",1,"(1042.75, 416.5)","(789.0, 514.0)","(887.0, 513.5)",0.10831048354219543,7.8663991678398855,4,"(1038.5, 518.0)"
CA61,g24,1_00-02-03,5,3.3756, ,75,1,"(820.5, 627.75)",1,"(767.25, 485.5)",0,0,1,"(876.5, 405.75)",1,"(1030.75, 629.0)",1,"(1042.75, 416.5)","(778.0, 512.0)","(878.5, 512.0)",0.10116936792246208,7.347752549974549,5,"(1030.0, 521.5)"
CA61,g24,1_00-02-03,5,3.3756, ,76,1,"(820.5, 627.75)",1,"(767.25, 485.5)",1,"(847.25, 666.5)",1,"(876.5, 405.75)",1,"(1030.75, 629.0)",0,0,"(774.0, 517.0)","(870.5, 511.0)",0.06398512641491146,4.647126748245952,5,"(1020.0, 525.0)"
CA61,g24,1_00-02-03,5,3.3756, ,77,1,"(820.5, 627.75)",1,"(767.25, 485.5)",1,"(847.25, 666.5)",1,"(876.5, 405.75)",1,"(1030.75, 629.0)",0,0,"(770.0, 524.5)","(865.5, 512.0)",0.0,0.0,5,"(1019.0, 523.5)"
CA61,g24,1_00-02-03,5,3.3756, ,78,0,0,1,"(767.25, 485.5)",1,"(847.25, 666.5)",1,"(876.5, 405.75)",1,"(1030.75, 629.0)",0,0,"(760.5, 535.0)","(865.5, 512.0)",0.09740267494362594,7.07418429005,4,"(1019.0, 523.5)"
CA61,g24,1_00-02-03,5,3.3756, ,79,0,0,1,"(767.25, 485.5)",1,"(847.25, 666.5)",1,"(876.5, 405.75)",1,"(1030.75, 629.0)",0,0,"(754.0, 541.0)","(858.0, 514.0)",0.0825249774312806,5.993643390378981,4,"(1006.0, 526.0)"
CA61,g24,1_00-02-03,5,3.3756, ,80,0,0,1,"(767.25, 485.5)",1,"(847.25, 666.5)",1,"(876.5, 405.75)",1,"(1030.75, 629.0)",0,0,"(749.0, 543.5)","(851.5, 515.0)",0.09920472715663116,7.205064160263724,4,"(998.0, 528.5)"
CA61,g24,1_00-02-03,5,3.3756, ,81,0,0,1,"(767.25, 485.5)",1,"(847.25, 666.5)",1,"(876.5, 405.75)",1,"(1030.75, 629.0)",1,"(933.0, 451.0)","(743.0, 544.0)","(844.0, 517.5)",0.11449446165546706,8.315530578699377,5,"(997.5, 528.5)"
CA61,g24,1_00-02-03,5,3.3756, ,82,1,"(703.75, 650.0)",1,"(767.25, 485.5)",1,"(847.25, 666.5)",0,0,1,"(1030.75, 629.0)",1,"(933.0, 451.0)","(734.5, 547.5)","(835.0, 519.0)",0.21165741790990664,15.37230452364279,5,"(988.5, 529.0)"
CA61,g24,1_00-02-03,5,3.3756, ,83,1,"(703.75, 650.0)",1,"(767.25, 485.5)",1,"(847.25, 666.5)",0,0,0,0,1,"(933.0, 451.0)","(727.0, 552.0)","(818.5, 522.5)",0.059522836293978705,4.323038496158236,4,"(978.5, 527.5)"
CA61,g24,1_00-02-03,5,3.3756, ,84,1,"(703.75, 650.0)",1,"(758.0, 485.5)",1,"(847.25, 666.5)",0,0,0,0,1,"(933.0, 451.0)","(719.0, 553.5)","(814.0, 524.0)",0.09597768962236719,6.970690122368929,4,"(970.5, 525.5)"
CA61,g24,1_00-02-03,5,3.3756, ,85,1,"(703.75, 650.0)",1,"(753.5, 485.5)",1,"(847.25, 666.5)",1,"(768.75, 451.0)",0,0,1,"(933.0, 451.0)","(716.5, 555.0)","(806.5, 525.5)",0.051738855670958595,3.7577017282584544,5,"(959.5, 525.5)"
CA61,g24,1_00-02-03,5,3.3756, ,86,1,"(703.75, 650.0)",1,"(748.25, 485.5)",1,"(847.25, 666.5)",1,"(768.75, 451.0)",0,0,1,"(933.0, 451.0)","(695.5, 557.5)","(802.5, 526.5)",0.051738855670958595,3.7577017282584544,5,"(947.0, 525.5)"
CA61,g24,1_00-02-03,5,3.3756, ,87,1,"(703.75, 650.0)",1,"(748.25, 485.5)",1,"(847.25, 666.5)",1,"(768.75, 451.0)",0,0,1,"(933.0, 451.0)","(694.5, 556.0)","(798.5, 527.5)",0.0,0.0,5,"(947.5, 525.5)"
CA61,g24,1_00-02-03,5,3.3756, ,88,1,"(703.75, 650.0)",0,0,1,"(847.25, 666.5)",1,"(768.75, 451.0)",1,"(942.75, 660.25)",1,"(933.0, 451.0)","(694.5, 556.0)","(798.5, 527.5)",0.0949467500625641,6.895814802546644,5,"(946.0, 534.0)"
CA61,g24,1_00-02-03,5,3.3756, ,89,1,"(703.75, 650.0)",0,0,1,"(847.25, 666.5)",1,"(768.75, 451.0)",1,"(942.75, 660.25)",1,"(933.0, 451.0)","(694.5, 556.0)","(791.0, 528.5)",0.04017485250746228,2.9178285979091982,5,"(947.0, 541.5)"
CA61,g24,1_00-02-03,5,3.3756, ,90,1,"(703.75, 650.0)",0,0,0,0,1,"(768.75, 451.0)",1,"(942.75, 660.25)",1,"(940.75, 449.5)","(687.5, 556.5)","(788.5, 530.5)",0.06550517506378128,4.757525197551069,4,"(944.5, 548.0)"
CA61,g24,1_00-02-03,5,3.3756, ,91,1,"(703.75, 650.0)",0,0,0,0,1,"(768.75, 451.0)",1,"(942.75, 660.25)",1,"(940.75, 449.5)","(687.5, 556.5)","(783.5, 532.0)",0.11223733647714423,8.15159956257062,4,"(936.5, 548.0)"
CA61,g24,1_00-02-03,5,3.3756, ,92,1,"(703.75, 650.0)",0,0,0,0,1,"(768.75, 451.0)",1,"(942.25, 673.25)",1,"(940.75, 449.5)","(675.5, 557.0)","(775.5, 536.0)",0.08533913310295582,6.198030547649991,4,"(928.5, 549.0)"
CA61,g24,1_00-02-03,5,3.3756, ,93,1,"(703.75, 650.0)",1,"(622.75, 488.5)",1,"(740.0, 708.25)",1,"(768.75, 451.0)",1,"(942.25, 673.25)",0,0,"(674.5, 557.0)","(770.0, 540.0)",0.06211198381123308,4.511083708487196,5,"(917.0, 552.0)"
CA61,g24,1_00-02-03,5,3.3756, ,94,1,"(703.75, 650.0)",1,"(622.75, 488.5)",1,"(740.0, 708.25)",1,"(768.75, 451.0)",1,"(941.0, 681.75)",0,0,"(670.5, 559.5)","(766.5, 543.5)",0.07581214604461105,5.506102300107929,5,"(907.0, 557.5)"
CA61,g24,1_00-02-03,5,3.3756, ,95,1,"(703.75, 650.0)",1,"(643.25, 494.5)",1,"(740.0, 708.25)",1,"(768.75, 451.0)",1,"(938.75, 688.25)",0,0,"(670.5, 559.5)","(761.0, 546.0)",0.0,0.0,5,"(907.0, 557.5)"
CA61,g24,1_00-02-03,5,3.3756, ,96,0,0,1,"(643.25, 494.5)",1,"(740.0, 708.25)",1,"(768.75, 451.0)",1,"(936.25, 692.75)",1,"(891.75, 469.25)","(670.5, 559.5)","(761.0, 546.0)",0.0,0.0,5,"(907.0, 557.5)"
CA61,g24,1_00-02-03,5,3.3756, ,97,0,0,1,"(643.25, 494.5)",1,"(740.0, 708.25)",1,"(768.75, 451.0)",1,"(936.25, 692.75)",1,"(891.75, 469.25)","(670.5, 559.5)","(761.0, 546.0)",0.0,0.0,5,"(907.0, 557.5)"
CA61,g24,1_00-02-03,5,3.3756, ,98,0,0,1,"(643.25, 494.5)",1,"(740.0, 708.25)",1,"(768.75, 451.0)",1,"(936.25, 692.75)",1,"(891.75, 469.25)","(656.5, 561.0)","(761.0, 546.0)",0.11937589700203691,8.670060608409399,5,"(898.5, 564.0)"
CA61,g24,1_00-02-03,5,3.3756, ,99,0,0,1,"(643.25, 494.5)",1,"(740.0, 708.25)",0,0,0,0,1,"(891.75, 469.25)","(650.5, 562.0)","(751.5, 546.5)",0.10116936792246208,7.347752549974549,3,"(887.5, 566.5)"
CA61,g24,1_00-02-03,5,3.3756, ,100,0,0,1,"(643.25, 494.5)",1,"(740.0, 708.25)",0,0,0,0,1,"(891.75, 469.25)","(644.0, 564.0)","(743.5, 547.5)",0.20856599501064313,15.147779937223286,3,"(885.0, 566.5)"
CA61,g24,1_00-02-03,5,3.3756, ,101,0,0,1,"(643.25, 494.5)",1,"(740.0, 708.25)",0,0,0,0,1,"(891.75, 469.25)","(629.5, 565.0)","(728.0, 553.5)",0.3260803697341417,23.682641469569983,3,"(877.0, 565.0)"
CA61,g24,1_00-02-03,5,3.3756, ,102,0,0,1,"(643.25, 494.5)",1,"(740.0, 708.25)",1,"(683.25, 444.0)",0,0,1,"(891.75, 469.25)","(629.0, 565.0)","(702.5, 558.5)",0.022622158391531186,1.643007418359051,4,"(870.0, 562.0)"
CA61,g24,1_00-02-03,5,3.3756, ,103,1,"(626.5, 655.0)",1,"(643.25, 494.5)",1,"(740.0, 708.25)",1,"(683.25, 444.0)",0,0,1,"(891.75, 469.25)","(612.5, 566.0)","(701.5, 557.0)",0.09048863356612474,6.572029673436204,5,"(864.5, 560.0)"
CA61,g24,1_00-02-03,5,3.3756, ,104,1,"(626.5, 655.0)",1,"(643.25, 494.5)",1,"(740.0, 708.25)",1,"(683.25, 444.0)",1,"(834.5, 686.0)",1,"(888.25, 466.0)","(610.5, 565.5)","(695.5, 553.0)",0.06274257849410282,4.5568826868163645,6,"(859.5, 558.0)"
CA61,g24,1_00-00-49,5,3.3756, ,0,1,"(1078.0, 463.0)",1,"(1025.25, 368.5)",1,"(1208.0, 564.5)",1,"(1089.25, 316.75)",1,"(1366.5, 521.0)",1,"(1277.75, 273.0)","(1117.0, 418.0)","(1221.0, 393.0)",0.09281904387792646,6.999268083923194,6,"(1348.0, 383.0)"
CA61,g24,1_00-00-49,5,3.3756, ,1,1,"(1078.0, 463.0)",1,"(1025.25, 368.5)",1,"(1208.0, 564.5)",1,"(1089.25, 316.75)",0,0,1,"(1277.75, 273.0)","(1110.0, 418.0)","(1214.0, 393.5)",0.1819499401806642,13.720421542514032,5,"(1338.0, 384.0)"
CA61,g24,1_00-00-49,5,3.3756, ,2,1,"(1078.0, 463.0)",1,"(1025.25, 368.5)",1,"(1208.0, 564.5)",1,"(1089.25, 316.75)",0,0,1,"(1277.75, 273.0)","(1101.5, 420.5)","(1201.0, 398.0)",0.19883287520150605,14.993524381299352,5,"(1332.0, 385.5)"
CA61,g24,1_00-00-49,5,3.3756, ,3,1,"(1078.0, 463.0)",1,"(1025.25, 368.5)",1,"(1208.0, 564.5)",1,"(1089.25, 316.75)",0,0,1,"(1277.75, 273.0)","(1096.5, 423.0)","(1186.0, 399.0)",0.020912404822315583,1.576955778853093,5,"(1324.0, 391.5)"
CA61,g24,1_00-00-49,5,3.3756, ,4,1,"(1078.0, 463.0)",1,"(1025.25, 368.5)",1,"(1208.0, 564.5)",1,"(1089.25, 316.75)",0,0,1,"(1277.75, 273.0)","(1089.0, 426.0)","(1184.5, 399.5)",0.10072748021516208,7.595624863053036,5,"(1325.0, 402.0)"
CA61,g24,1_00-00-49,5,3.3756, ,5,1,"(1078.0, 463.0)",1,"(1025.25, 368.5)",1,"(1208.0, 564.5)",1,"(1089.25, 316.75)",0,0,1,"(1277.75, 273.0)","(1083.0, 430.5)","(1181.5, 406.5)",0.0,0.0,5,"(1322.0, 408.0)"
CA61,g24,1_00-00-49,5,3.3756, ,6,1,"(1078.0, 463.0)",1,"(1025.25, 368.5)",1,"(1208.0, 564.5)",1,"(1089.25, 316.75)",0,0,1,"(1277.75, 273.0)","(1079.0, 431.0)","(1181.5, 406.5)",0.13633219981621122,10.280493906397304,5,"(1316.0, 411.0)"
CA61,g24,1_00-00-49,5,3.3756, ,7,1,"(1078.0, 463.0)",1,"(1025.25, 368.5)",1,"(1208.0, 564.5)",1,"(1089.25, 316.75)",1,"(1302.0, 541.5)",0,0,"(1072.5, 433.5)","(1175.0, 414.5)",0.06513131467956376,4.911400861876803,5,"(1313.5, 412.5)"
CA61,g24,1_00-00-49,5,3.3756, ,8,0,0,1,"(1025.25, 368.5)",1,"(1208.0, 564.5)",1,"(1089.25, 316.75)",1,"(1302.0, 541.5)",0,0,"(1069.5, 438.0)","(1170.5, 416.5)",0.048143971376463764,3.6304248375125847,4,"(1308.5, 414.0)"
CA61,g24,1_00-00-49,5,3.3756, ,9,0,0,1,"(1025.25, 368.5)",1,"(1208.0, 564.5)",1,"(1089.25, 316.75)",1,"(1302.0, 541.5)",0,0,"(1066.0, 443.0)","(1167.0, 417.5)",0.1156817075809468,8.723288346192613,4,"(1299.5, 412.0)"
CA61,g24,1_00-00-49,5,3.3756, ,10,0,0,1,"(1025.25, 368.5)",1,"(1208.0, 564.5)",1,"(1089.25, 316.75)",1,"(1302.0, 541.5)",0,0,"(1063.0, 447.5)","(1159.5, 422.0)",0.18050203965940217,13.611238733860095,4,"(1295.0, 412.0)"
CA61,g24,1_00-00-49,5,3.3756, ,11,0,0,1,"(1025.25, 368.5)",1,"(1208.0, 564.5)",1,"(1089.25, 316.75)",1,"(1302.0, 541.5)",0,0,"(1056.5, 452.0)","(1147.5, 428.5)",0.12771984808311831,9.631056505466551,4,"(1290.0, 413.0)"
CA61,g24,1_00-00-49,5,3.3756, ,12,0,0,1,"(1025.25, 368.5)",1,"(1208.0, 564.5)",1,"(1089.25, 316.75)",1,"(1302.0, 541.5)",0,0,"(1044.0, 457.5)","(1138.5, 432.0)",0.253117859807991,19.087028734696275,4,"(1283.5, 417.5)"
CA61,g24,1_00-00-49,5,3.3756, ,13,1,"(972.0, 531.75)",1,"(1025.25, 368.5)",1,"(1208.0, 564.5)",1,"(1089.25, 316.75)",1,"(1302.0, 541.5)",1,"(1179.0, 323.0)","(1027.5, 466.0)","(1120.5, 438.5)",0.21903186000472435,16.516682816832827,6,"(1279.0, 426.5)"
CA61,g24,1_00-00-49,5,3.3756, ,14,1,"(972.0, 531.75)",1,"(1025.25, 368.5)",1,"(1208.0, 564.5)",1,"(1089.25, 316.75)",0,0,1,"(1179.0, 323.0)","(1020.0, 470.5)","(1106.0, 446.5)",0.1815890473820257,13.693207456463432,5,"(1268.0, 427.0)"
CA61,g24,1_00-00-49,5,3.3756, ,15,1,"(972.0, 531.75)",1,"(1025.25, 368.5)",1,"(1208.0, 564.5)",1,"(1089.25, 316.75)",0,0,1,"(1179.0, 323.0)","(1012.0, 473.0)","(1092.5, 449.0)",0.09187188599474529,6.927845112243965,5,"(1262.0, 426.0)"
CA61,g24,1_00-00-49,5,3.3756, ,16,1,"(972.0, 531.75)",1,"(1025.25, 368.5)",1,"(1208.0, 564.5)",1,"(1089.25, 316.75)",0,0,1,"(1179.0, 323.0)","(1000.0, 477.5)","(1086.5, 452.5)",0.16333110298591902,12.316418360706496,5,"(1259.0, 434.5)"
CA61,g24,1_00-00-49,5,3.3756, ,17,1,"(972.0, 531.75)",1,"(1025.25, 368.5)",1,"(1208.0, 564.5)",1,"(1089.25, 316.75)",0,0,1,"(1179.0, 323.0)","(993.0, 480.0)","(1076.0, 459.0)",0.05036374010758104,3.797812431526518,5,"(1254.5, 440.0)"
CA61,g24,1_00-00-49,5,3.3756, ,18,1,"(972.0, 531.75)",0,0,1,"(1208.0, 564.5)",1,"(1089.25, 316.75)",1,"(1227.25, 531.5)",1,"(1179.0, 323.0)","(993.5, 480.0)","(1074.5, 462.5)",0.10266265668880303,7.741552017253505,5,"(1252.5, 441.5)"
CA61,g24,1_00-00-49,5,3.3756, ,19,1,"(972.0, 531.75)",0,0,0,0,1,"(1089.25, 316.75)",1,"(1227.25, 531.5)",1,"(1179.0, 323.0)","(993.5, 482.0)","(1067.0, 464.5)",0.029574606521555212,2.2301522497166717,4,"(1247.0, 444.5)"
CA61,g24,1_00-00-49,5,3.3756, ,20,1,"(972.0, 531.75)",0,0,0,0,1,"(1089.25, 316.75)",1,"(1227.25, 531.5)",1,"(1179.0, 323.0)","(981.5, 490.5)","(1066.0, 466.5)",0.06613083059000605,4.986772030540563,4,"(1236.5, 447.5)"
CA61,g24,1_00-00-49,5,3.3756, ,21,1,"(972.0, 531.75)",0,0,0,0,1,"(1089.25, 316.75)",1,"(1227.25, 531.5)",1,"(1179.0, 323.0)","(981.5, 493.0)","(1062.0, 469.5)",0.06513131467956376,4.911400861876803,4,"(1220.0, 452.0)"
CA61,g24,1_00-00-49,5,3.3756, ,22,1,"(972.0, 531.75)",0,0,0,0,1,"(1089.25, 316.75)",1,"(1227.25, 531.5)",0,0,"(971.0, 494.5)","(1057.5, 471.5)",0.06513131467956376,4.911400861876803,3,"(1213.5, 457.0)"
CA61,g24,1_00-00-49,5,3.3756, ,23,1,"(972.0, 531.75)",0,0,0,0,1,"(1089.25, 316.75)",1,"(1227.25, 531.5)",0,0,"(966.5, 497.0)","(1053.0, 473.5)",0.1076531927045771,8.117876723881768,3,"(1210.0, 459.0)"
CA61,g24,1_00-00-49,5,3.3756, ,24,1,"(972.0, 531.75)",1,"(898.75, 407.5)",1,"(1047.0, 644.0)",1,"(1089.25, 316.75)",1,"(1227.25, 531.5)",0,0,"(960.0, 500.0)","(1045.0, 475.0)",0.01870462350227682,1.4104721276106567,5,"(1205.5, 463.0)"
CA61,g24,1_00-00-49,5,3.3756, ,25,1,"(972.0, 531.75)",1,"(898.75, 407.5)",1,"(1047.0, 644.0)",1,"(1089.25, 316.75)",1,"(1227.25, 531.5)",1,"(1149.5, 341.0)","(953.5, 501.5)","(1044.0, 476.0)",0.08822953260135102,6.653183719585335,6,"(1200.5, 468.5)"
CA61,g24,1_00-00-49,5,3.3756, ,26,1,"(972.0, 531.75)",1,"(898.75, 407.5)",1,"(1047.0, 644.0)",1,"(1089.25, 316.75)",1,"(1227.25, 531.5)",1,"(1149.5, 341.0)","(949.0, 498.0)","(1037.5, 477.5)",0.10072748021516208,7.595624863053036,6,"(1198.0, 473.5)"
CA61,g24,1_00-00-49,5,3.3756, ,27,1,"(972.0, 531.75)",1,"(898.75, 407.5)",1,"(1047.0, 644.0)",0,0,1,"(1227.25, 531.5)",1,"(1149.5, 341.0)","(941.0, 498.0)","(1030.5, 480.5)",0.041824809644631165,3.153911557706186,5,"(1190.0, 473.5)"
CA61,g24,1_00-00-49,5,3.3756, ,28,0,0,1,"(898.75, 407.5)",1,"(1047.0, 644.0)",0,0,1,"(1227.25, 531.5)",1,"(1149.5, 341.0)","(933.0, 498.5)","(1027.5, 481.5)",0.04676155875569205,3.526180319026641,4,"(1183.0, 472.5)"
CA61,g24,1_00-00-49,5,3.3756, ,29,0,0,1,"(898.75, 407.5)",1,"(1047.0, 644.0)",0,0,0,0,1,"(1146.0, 347.25)","(923.0, 498.5)","(1024.0, 481.0)",0.07740415269026585,5.836867014064726,3,"(1177.5, 469.5)"
CA61,g24,1_00-00-49,5,3.3756, ,30,0,0,1,"(898.75, 407.5)",1,"(1047.0, 644.0)",0,0,0,0,1,"(1146.0, 347.25)","(920.0, 495.5)","(1018.5, 479.0)",0.22484482400602057,16.955024903837916,3,"(1161.0, 467.5)"
CA61,g24,1_00-00-49,5,3.3756, ,31,0,0,1,"(898.75, 407.5)",1,"(1047.0, 644.0)",1,"(951.25, 330.25)",0,0,1,"(1146.0, 347.25)","(910.5, 494.5)","(1001.5, 479.0)",0.12720519247160902,9.59224752354484,4,"(1156.5, 468.0)"
CA61,g24,1_00-00-49,5,3.3756, ,32,1,"(843.75, 587.0)",1,"(898.75, 407.5)",1,"(1047.0, 644.0)",1,"(951.25, 330.25)",0,0,1,"(1146.0, 347.25)","(898.0, 491.0)","(992.0, 477.5)",0.09941643760075303,7.496762190649676,5,"(1151.0, 468.0)"
CA61,g24,1_00-00-49,5,3.3756, ,33,1,"(843.75, 587.0)",1,"(898.75, 407.5)",1,"(1047.0, 644.0)",1,"(951.25, 330.25)",0,0,1,"(1146.0, 347.25)","(894.0, 489.5)","(984.5, 477.0)",0.08698152726485468,6.559074541604652,5,"(1139.0, 469.5)"
CA61,g24,1_00-00-49,5,3.3756, ,34,1,"(843.75, 587.0)",1,"(898.75, 407.5)",1,"(1047.0, 644.0)",1,"(951.25, 330.25)",0,0,1,"(1146.0, 347.25)","(884.5, 488.0)","(978.0, 476.0)",0.14608777964661354,11.016139477546501,5,"(1127.5, 471.5)"
CA61,g24,1_00-00-49,5,3.3756, ,35,1,"(843.75, 587.0)",0,0,1,"(1047.0, 644.0)",1,"(951.25, 330.25)",1,"(1122.0, 595.0)",0,0,"(883.0, 487.5)","(967.0, 475.0)",0.03306541529500302,2.4933860152702816,4,"(1127.0, 478.0)"
CA61,g24,1_00-00-49,5,3.3756, ,36,1,"(843.75, 587.0)",0,0,1,"(1047.0, 644.0)",1,"(951.25, 330.25)",1,"(1122.0, 595.0)",0,0,"(879.5, 487.5)","(964.5, 475.0)",0.11085547248653387,8.359353189671703,4,"(1125.0, 484.5)"
CA61,g24,1_00-00-49,5,3.3756, ,37,1,"(843.75, 587.0)",0,0,1,"(1047.0, 644.0)",1,"(951.25, 330.25)",1,"(1122.0, 595.0)",0,0,"(874.0, 489.0)","(956.5, 477.5)",0.059517747531005444,4.488094827486507,4,"(1122.5, 484.5)"
CA61,g24,1_00-00-49,5,3.3756, ,38,1,"(843.75, 587.0)",0,0,0,0,1,"(951.25, 330.25)",1,"(1122.0, 595.0)",0,0,"(866.0, 489.0)","(952.0, 477.5)",0.106632760265139,8.04092828844483,3,"(1113.5, 484.0)"
CA61,g24,1_00-00-49,5,3.3756, ,39,1,"(843.75, 587.0)",0,0,0,0,1,"(951.25, 330.25)",1,"(1122.0, 595.0)",0,0,"(858.5, 489.5)","(944.0, 478.5)",0.10580932894400968,7.978835248864902,3,"(1103.5, 485.5)"
CA61,g24,1_00-00-49,5,3.3756, ,40,1,"(843.75, 587.0)",0,0,0,0,1,"(951.25, 330.25)",1,"(1122.0, 595.0)",0,0,"(855.0, 489.0)","(936.0, 478.5)",0.0674404791257079,5.085529578713009,3,"(1091.5, 487.0)"
CA61,g24,1_00-00-49,5,3.3756, ,41,1,"(843.75, 587.0)",1,"(815.5, 407.0)",1,"(942.0, 662.5)",1,"(951.25, 330.25)",1,"(1122.0, 595.0)",1,"(1039.0, 362.75)","(849.0, 489.0)","(931.0, 477.5)",0.0533163801325695,4.020464144222415,6,"(1085.5, 488.5)"
CA61,g24,1_00-00-49,5,3.3756, ,42,1,"(843.75, 587.0)",1,"(815.5, 407.0)",1,"(942.0, 662.5)",1,"(951.25, 330.25)",1,"(1122.0, 595.0)",1,"(1039.0, 362.75)","(845.0, 490.5)","(927.0, 477.0)",0.048143971376463764,3.6304248375125847,6,"(1081.5, 485.0)"
CA61,g24,1_00-00-49,5,3.3756, ,43,1,"(843.75, 587.0)",1,"(815.5, 407.0)",1,"(942.0, 662.5)",1,"(951.25, 330.25)",1,"(1122.0, 595.0)",1,"(1039.0, 362.75)","(837.5, 488.0)","(923.5, 476.0)",0.05650220642419708,4.260699890598328,6,"(1080.5, 478.5)"
CA61,g24,1_00-00-49,5,3.3756, ,44,1,"(843.75, 587.0)",1,"(815.5, 407.0)",1,"(942.0, 662.5)",1,"(951.25, 330.25)",1,"(1122.0, 595.0)",1,"(1039.0, 362.75)","(830.0, 488.5)","(919.5, 474.5)",0.04676155875569205,3.526180319026641,6,"(1073.5, 478.0)"
CA61,g24,1_00-00-49,5,3.3756, ,45,1,"(843.75, 587.0)",1,"(815.5, 407.0)",1,"(942.0, 662.5)",0,0,1,"(1122.0, 595.0)",1,"(1039.0, 362.75)","(826.0, 491.0)","(916.0, 474.0)",0.11415951352595087,8.608503235060864,5,"(1068.0, 478.0)"
CA61,g24,1_00-00-49,5,3.3756, ,46,1,"(843.75, 587.0)",1,"(815.5, 407.0)",1,"(942.0, 662.5)",0,0,0,0,1,"(1039.0, 362.75)","(821.5, 493.5)","(907.5, 472.5)",0.11976802809948482,9.031428266527275,4,"(1061.0, 477.5)"
CA61,g24,1_00-00-49,5,3.3756, ,47,0,0,1,"(815.5, 407.0)",1,"(942.0, 662.5)",0,0,0,0,1,"(1039.0, 362.75)","(813.0, 494.0)","(898.5, 471.5)",0.1870462350227682,14.104721276106565,3,"(1053.5, 471.5)"
CA61,g24,1_00-00-49,5,3.3756, ,48,0,0,1,"(815.5, 407.0)",1,"(947.25, 661.75)",0,0,0,0,1,"(1039.0, 362.75)","(804.5, 494.0)","(884.5, 469.5)",0.0533163801325695,4.020464144222415,3,"(1047.0, 467.5)"
CA61,g24,1_00-00-49,5,3.3756, ,49,0,0,1,"(815.5, 407.0)",1,"(947.25, 661.75)",1,"(855.25, 327.75)",0,0,1,"(1039.0, 362.75)","(789.5, 491.5)","(881.0, 467.5)",0.056113870506830456,4.231416382831969,4,"(1042.0, 468.0)"
CA61,g24,1_00-00-49,5,3.3756, ,50,0,0,1,"(815.5, 407.0)",1,"(954.25, 660.75)",1,"(855.25, 327.75)",0,0,1,"(1039.0, 362.75)","(787.0, 490.0)","(878.0, 464.5)",0.1665131767268965,12.556371135971082,4,"(1036.5, 470.0)"
CA61,g24,1_00-00-49,5,3.3756, ,51,1,"(749.5, 592.5)",1,"(815.5, 407.0)",1,"(954.25, 660.75)",1,"(855.25, 327.75)",0,0,1,"(1039.0, 362.75)","(772.5, 483.5)","(865.5, 463.0)",0.10007410588089281,7.546355425083821,5,"(1030.5, 470.5)"
CA61,g24,1_00-00-49,5,3.3756, ,52,1,"(749.5, 592.5)",1,"(815.5, 407.0)",1,"(954.25, 660.75)",1,"(855.25, 327.75)",0,0,1,"(1039.0, 362.75)","(770.0, 477.0)","(858.0, 462.0)",0.11319774816998594,8.535978747854534,5,"(1024.5, 470.5)"
CA61,g24,1_00-00-49,5,3.3756, ,53,1,"(749.5, 592.5)",0,0,0,0,1,"(855.25, 327.75)",1,"(981.75, 578.25)",1,"(1039.0, 362.75)","(764.0, 470.5)","(849.5, 461.0)",0.11300441284839416,8.521399781196656,4,"(1020.0, 473.0)"
CA61,g24,1_00-00-49,5,3.3756, ,54,1,"(749.5, 592.5)",0,0,0,0,1,"(855.25, 327.75)",1,"(981.75, 578.25)",1,"(1039.0, 362.75)","(764.0, 466.0)","(841.5, 458.0)",0.0,0.0,4,"(1016.0, 479.5)"
CA61,g24,1_00-00-49,5,3.3756, ,55,1,"(749.5, 592.5)",0,0,0,0,1,"(855.25, 327.75)",1,"(981.75, 578.25)",1,"(1039.0, 362.75)","(755.5, 459.0)","(841.5, 458.0)",0.0674404791257079,5.085529578713009,4,"(1009.0, 482.5)"
CA61,g24,1_00-00-49,5,3.3756, ,56,1,"(749.5, 592.5)",0,0,0,0,1,"(855.25, 327.75)",1,"(981.75, 578.25)",1,"(1039.0, 362.75)","(752.0, 458.0)","(836.5, 459.0)",0.06646066221509775,5.011643865781713,4,"(999.0, 485.5)"
CA61,g24,1_00-00-49,5,3.3756, ,57,1,"(749.5, 592.5)",1,"(713.5, 363.5)",1,"(831.5, 624.75)",1,"(855.25, 327.75)",1,"(981.75, 578.25)",0,0,"(741.0, 448.5)","(831.5, 459.5)",0.14787303260777607,11.150761248583358,5,"(991.5, 484.5)"
CA61,g24,1_00-00-49,5,3.3756, ,58,1,"(749.5, 592.5)",1,"(713.5, 363.5)",1,"(831.5, 624.75)",1,"(855.25, 327.75)",1,"(981.75, 578.25)",0,0,"(734.0, 445.5)","(821.5, 454.5)",0.12582248627084575,9.487980866874974,5,"(987.0, 485.0)"
CA61,g24,1_00-00-49,5,3.3756, ,59,1,"(749.5, 592.5)",1,"(713.5, 363.5)",1,"(831.5, 624.75)",1,"(855.25, 327.75)",1,"(981.75, 578.25)",0,0,"(732.5, 456.5)","(812.0, 454.0)",0.04436190978233282,3.345228374575008,5,"(979.5, 482.0)"
CA61,g24,1_00-00-49,5,3.3756, ,60,1,"(749.5, 592.5)",1,"(713.5, 363.5)",1,"(831.5, 624.75)",1,"(855.25, 327.5)",1,"(981.75, 578.25)",0,0,"(725.5, 463.0)","(809.0, 455.5)",0.060969613262226524,4.597576643395345,5,"(973.0, 481.5)"
CA61,g24,1_00-00-49,5,3.3756, ,61,1,"(749.5, 592.5)",1,"(713.5, 363.5)",1,"(831.5, 624.75)",1,"(855.25, 327.5)",1,"(981.75, 578.25)",1,"(942.75, 377.0)","(718.5, 465.5)","(804.5, 454.5)",0.027266439963242243,2.05609878127946,6,"(973.0, 481.5)"
CA61,g24,1_00-00-49,5,3.3756, ,62,0,0,1,"(713.5, 363.5)",1,"(831.5, 624.75)",1,"(855.25, 327.5)",1,"(981.75, 578.25)",1,"(942.75, 377.0)","(715.0, 467.5)","(802.5, 455.0)",0.09281904387792646,6.999268083923194,5,"(962.0, 478.0)"
CA61,g24,1_00-00-49,5,3.3756, ,63,0,0,1,"(713.5, 363.5)",1,"(831.5, 624.75)",0,0,1,"(981.75, 578.25)",1,"(942.75, 377.0)","(708.0, 470.0)","(795.5, 455.5)",0.1329213244301955,10.023287731563427,4,"(959.0, 476.0)"
CA61,g24,1_00-00-49,5,3.3756, ,64,0,0,1,"(713.5, 363.5)",1,"(831.5, 624.75)",0,0,1,"(981.75, 578.25)",1,"(942.75, 377.0)","(695.5, 474.5)","(785.5, 454.5)",0.028056935253415228,2.1157081914159845,4,"(953.0, 474.5)"
CA61,g24,1_00-00-49,5,3.3756, ,65,0,0,1,"(713.5, 363.5)",1,"(831.5, 624.75)",0,0,0,0,1,"(942.75, 377.0)","(691.5, 472.5)","(784.0, 453.0)",0.11319774816998594,8.535978747854534,3,"(946.0, 474.5)"
CA61,g24,1_00-00-49,5,3.3756, ,66,1,"(655.5, 603.5)",1,"(713.5, 363.5)",1,"(831.5, 624.75)",0,0,0,0,1,"(942.75, 377.0)","(683.0, 476.0)","(775.5, 452.0)",0.023843810058128932,1.7980062255163678,4,"(922.5, 474.0)"
CA61,g24,1_00-00-49,5,3.3756, ,67,1,"(655.5, 603.5)",1,"(713.5, 363.5)",1,"(831.5, 624.75)",1,"(740.25, 339.25)",0,0,1,"(942.75, 377.0)","(675.0, 473.5)","(774.5, 450.5)",0.08179931988972672,6.168296343838381,5,"(922.0, 474.0)"
CA61,g24,1_00-00-49,5,3.3756, ,68,1,"(655.5, 603.5)",0,0,1,"(831.5, 624.75)",1,"(740.25, 339.25)",0,0,1,"(942.75, 377.0)","(669.0, 471.5)","(768.5, 449.0)",0.06646066221509775,5.011643865781713,4,"(922.0, 474.0)"
CA61,g24,1_00-00-49,5,3.3756, ,69,1,"(655.5, 603.5)",0,0,1,"(831.5, 624.75)",1,"(740.25, 339.25)",0,0,1,"(942.75, 377.0)","(662.0, 466.0)","(763.5, 448.5)",0.05988401404974241,4.5157141332636375,4,"(911.5, 481.5)"
CA61,g24,1_00-00-49,5,3.3756, ,70,1,"(655.5, 603.5)",0,0,1,"(831.5, 624.75)",1,"(740.25, 339.25)",1,"(871.75, 591.5)",1,"(942.75, 377.0)","(657.5, 466.0)","(759.0, 448.0)",0.1456380470874345,10.982226191907587,5,"(904.0, 482.0)"
CA61,g24,1_00-00-49,5,3.3756, ,71,1,"(655.5, 603.5)",0,0,0,0,1,"(740.25, 339.25)",1,"(871.75, 591.5)",1,"(942.75, 377.0)","(657.0, 470.0)","(748.0, 448.5)",0.059517747531005444,4.488094827486507,4,"(904.0, 482.0)"
CA61,g24,1_00-00-49,5,3.3756, ,72,1,"(655.5, 603.5)",0,0,0,0,1,"(740.25, 339.25)",1,"(871.75, 591.5)",0,0,"(652.0, 468.0)","(743.5, 448.5)",0.12992646717456358,9.797452515755571,3,"(904.0, 482.0)"
CA61,g24,1_00-00-49,5,3.3756, ,73,1,"(655.5, 603.5)",0,0,0,0,1,"(740.25, 339.25)",1,"(871.75, 591.5)",0,0,"(644.0, 468.5)","(734.0, 451.0)",0.11415951352595087,8.608503235060864,3,"(892.0, 483.5)"
CA61,g24,1_00-00-49,5,3.3756, ,74,1,"(655.5, 603.5)",1,"(605.5, 409.5)",1,"(715.0, 637.0)",1,"(740.25, 339.25)",1,"(871.75, 591.5)",0,0,"(632.0, 470.0)","(725.5, 452.5)",0.1156817075809468,8.723288346192613,5,"(883.5, 485.5)"
CA61,g24,1_00-00-49,5,3.3756, ,75,1,"(655.5, 603.5)",1,"(605.5, 409.5)",1,"(715.0, 637.0)",1,"(740.25, 339.25)",1,"(871.75, 591.5)",0,0,"(624.0, 475.5)","(718.0, 457.0)",0.13043038555144532,9.835451827802455,5,"(882.5, 485.5)"
CA61,g24,1_00-00-49,5,3.3756, ,76,1,"(655.5, 603.5)",1,"(605.5, 409.5)",1,"(715.0, 637.0)",1,"(740.25, 339.25)",1,"(871.75, 591.5)",1,"(789.5, 401.0)","(618.0, 482.0)","(709.5, 462.0)",0.09468493991535488,7.139970961663107,6,"(870.5, 482.5)"
CA61,g24,1_00-00-49,5,3.3756, ,77,0,0,1,"(605.5, 409.5)",1,"(715.0, 637.0)",1,"(740.25, 339.25)",1,"(871.75, 591.5)",1,"(789.5, 401.0)","(607.5, 486.5)","(703.0, 465.0)",0.12992646717456358,9.797452515755571,5,"(864.0, 478.5)"
CA61,g24,1_00-00-49,5,3.3756, ,78,0,0,1,"(605.5, 409.5)",1,"(715.0, 637.0)",0,0,1,"(871.75, 591.5)",1,"(789.5, 401.0)","(601.5, 492.5)","(693.5, 467.5)",0.13374132804037608,10.085122295437918,4,"(857.0, 476.0)"
CA61,g24,1_00-00-49,5,3.3756, ,79,0,0,1,"(605.5, 409.5)",1,"(715.0, 637.0)",0,0,1,"(871.75, 591.5)",1,"(789.5, 401.0)","(595.5, 498.5)","(683.5, 469.0)",0.11718413036416497,8.836582551732677,4,"(849.5, 477.0)"
CA61,g24,1_00-00-49,5,3.3756, ,80,0,0,1,"(605.5, 409.5)",1,"(715.0, 637.0)",0,0,1,"(871.75, 591.5)",1,"(789.5, 401.0)","(579.0, 504.5)","(675.0, 471.5)",0.0533163801325695,4.020464144222415,4,"(839.5, 479.0)"
CA61,g24,1_00-00-49,5,3.3756, ,81,0,0,1,"(605.5, 409.5)",1,"(715.0, 637.0)",0,0,0,0,1,"(789.5, 401.0)","(568.5, 509.5)","(671.0, 472.0)",0.12158005276479933,9.168068829469266,3,"(822.5, 476.5)"
CA61,g24,1_00-00-49,5,3.3756, ,82,1,"(585.5, 612.75)",1,"(605.5, 409.5)",1,"(715.0, 637.0)",1,"(619.75, 408.5)",0,0,1,"(789.5, 401.0)","(555.5, 508.0)","(662.5, 475.5)",0.3011676730474727,22.710353326230386,5,"(817.0, 477.0)"
CA61,g24,1_00-00-49,5,3.3756, ,83,1,"(585.5, 612.75)",0,0,1,"(715.0, 637.0)",1,"(619.75, 408.5)",0,0,1,"(789.5, 401.0)","(543.0, 503.0)","(640.0, 479.0)",0.21863216649648837,16.486542859571184,4,"(811.0, 478.5)"
CA61,g24,1_00-00-49,5,3.3756, ,84,1,"(585.5, 612.75)",0,0,1,"(715.0, 637.0)",1,"(619.75, 408.5)",1,"(777.5, 605.25)",1,"(789.5, 401.0)","(539.5, 499.5)","(623.5, 478.0)",0.08597007976700786,6.482803639702733,5,"(807.0, 480.0)"
CA61,g24,1_00-00-49,5,3.3756, ,85,1,"(585.5, 612.75)",0,0,1,"(715.0, 637.0)",1,"(619.75, 408.5)",1,"(777.5, 605.25)",1,"(789.5, 401.0)","(529.5, 496.0)","(617.0, 478.0)",0.05988401404974241,4.5157141332636375,5,"(793.0, 481.0)"
CA61,g24,1_00-00-49,5,3.3756, ,86,1,"(585.5, 612.75)",1,"(540.0, 461.25)",1,"(715.0, 637.0)",1,"(619.75, 408.5)",1,"(777.5, 605.25)",1,"(789.5, 401.0)","(525.5, 499.5)","(617.5, 482.5)",0.027266439963242243,2.05609878127946,6,"(793.0, 481.0)"
CA61,g24,1_00-00-49,5,3.3756, ,87,1,"(585.5, 612.75)",1,"(540.0, 461.25)",1,"(715.0, 637.0)",1,"(619.75, 408.5)",1,"(777.5, 605.25)",1,"(789.5, 401.0)","(525.5, 499.5)","(618.0, 480.5)",0.0,0.0,6,"(793.0, 481.0)"
CA61,g24,1_00-00-49,5,3.3756, ,88,1,"(585.5, 612.75)",1,"(540.0, 461.25)",1,"(715.0, 637.0)",1,"(619.75, 408.5)",1,"(777.5, 605.25)",1,"(789.5, 401.0)","(525.5, 499.5)","(618.0, 480.5)",0.0,0.0,6,"(793.0, 481.0)"
CA61,g24,1_00-01-30,5,3.3756, ,0,1,"(1161.5, 545.0)",1,"(1098.75, 406.75)",1,"(1320.75, 547.0)",1,"(1274.25, 282.5)",1,"(1406.75, 517.75)",1,"(1304.25, 327.5)","(1193.0, 447.5)","(1299.5, 410.0)",0.0,0.0,6,"(1432.5, 393.0)"
CA61,g24,1_00-01-30,5,3.3756, ,1,1,"(1161.5, 545.0)",1,"(1098.75, 406.75)",1,"(1320.75, 547.0)",1,"(1274.25, 282.5)",1,"(1406.75, 517.75)",1,"(1304.25, 327.5)","(1193.0, 447.5)","(1299.5, 410.0)",0.0,0.0,6,"(1432.5, 393.0)"
CA61,g24,1_00-01-30,5,3.3756, ,2,1,"(1161.5, 545.0)",1,"(1098.75, 406.75)",1,"(1320.75, 547.0)",1,"(1274.25, 282.5)",1,"(1406.75, 517.75)",1,"(1304.25, 327.5)","(1193.0, 447.5)","(1299.5, 410.0)",0.0,0.0,6,"(1432.5, 393.0)"
CA61,g24,1_00-01-30,5,3.3756, ,3,1,"(1161.5, 545.0)",1,"(1098.75, 406.75)",1,"(1320.75, 547.0)",1,"(1274.25, 282.5)",1,"(1406.75, 517.75)",1,"(1304.25, 327.5)","(1193.0, 447.5)","(1299.5, 410.0)",0.0,0.0,6,"(1432.5, 393.0)"
CA61,g24,1_00-01-30,5,3.3756, ,4,1,"(1161.5, 545.0)",1,"(1098.75, 406.75)",1,"(1320.75, 547.0)",1,"(1274.25, 282.5)",1,"(1406.75, 517.75)",1,"(1304.25, 327.5)","(1193.0, 447.5)","(1299.5, 410.0)",0.0,0.0,6,"(1432.5, 393.0)"
CA61,g24,1_00-01-30,5,3.3756, ,5,1,"(1161.5, 545.0)",1,"(1098.75, 406.75)",1,"(1320.75, 547.0)",1,"(1274.25, 282.5)",1,"(1406.75, 517.75)",1,"(1304.25, 327.5)","(1193.0, 447.5)","(1299.5, 410.0)",0.0900965606021553,6.170821193606709,6,"(1432.5, 393.0)"
CA61,g24,1_00-01-30,5,3.3756, ,6,1,"(1161.5, 545.0)",1,"(1105.25, 408.5)",1,"(1320.75, 547.0)",0,0,0,0,1,"(1304.25, 327.5)","(1193.5, 456.5)","(1298.0, 417.0)",0.13466787920587614,9.223564113298785,4,"(1432.5, 393.0)"
CA61,g24,1_00-01-30,5,3.3756, ,7,1,"(1161.5, 545.0)",1,"(1105.25, 408.5)",1,"(1320.75, 547.0)",0,0,0,0,1,"(1304.25, 327.5)","(1192.0, 467.5)","(1289.5, 423.5)",0.12585233493837011,8.619776942783833,4,"(1419.0, 391.0)"
CA61,g24,1_00-01-30,5,3.3756, ,8,1,"(1161.5, 545.0)",1,"(1105.25, 408.5)",1,"(1320.75, 547.0)",0,0,0,0,1,"(1304.25, 327.5)","(1189.0, 475.5)","(1281.5, 429.5)",0.08009193551677395,5.485592455702105,4,"(1405.0, 382.5)"
CA61,g24,1_00-01-30,5,3.3756, ,9,1,"(1161.5, 545.0)",1,"(1105.25, 408.5)",1,"(1320.75, 547.0)",0,0,0,0,1,"(1304.25, 327.5)","(1188.0, 486.0)","(1277.0, 434.0)",0.07174686974403761,4.914028919999152,4,"(1396.0, 382.0)"
CA61,g24,1_00-01-30,5,3.3756, ,10,1,"(1161.5, 545.0)",0,0,1,"(1320.75, 547.0)",0,0,1,"(1371.0, 518.25)",1,"(1304.25, 327.5)","(1182.0, 494.5)","(1271.5, 435.5)",0.044048317228429536,3.016921929974341,4,"(1385.5, 384.0)"
CA61,g24,1_00-01-30,5,3.3756, ,11,1,"(1161.5, 545.0)",1,"(1105.25, 408.5)",0,0,0,0,1,"(1371.0, 518.25)",1,"(1304.25, 327.5)","(1169.5, 495.0)","(1268.0, 435.5)",0.13214495168528861,9.050765789923023,4,"(1379.5, 384.5)"
CA61,g24,1_00-01-30,5,3.3756, ,12,1,"(1161.5, 545.0)",1,"(1105.25, 408.5)",0,0,1,"(1131.5, 366.25)",1,"(1371.0, 518.25)",1,"(1304.25, 327.5)","(1160.5, 489.0)","(1257.5, 435.5)",0.0900965606021553,6.170821193606709,5,"(1371.5, 392.5)"
CA61,g24,1_00-01-30,5,3.3756, ,13,1,"(1161.5, 545.0)",0,0,0,0,1,"(1131.5, 366.25)",1,"(1371.0, 518.25)",1,"(1304.25, 327.5)","(1148.5, 488.5)","(1250.5, 434.0)",0.09522457059448589,6.522044731222457,4,"(1367.5, 397.5)"
CA61,g24,1_00-01-30,5,3.3756, ,14,1,"(1161.5, 545.0)",0,0,0,0,1,"(1131.5, 366.25)",1,"(1371.0, 518.25)",1,"(1304.25, 327.5)","(1144.5, 489.0)","(1243.0, 435.0)",0.17809328298507776,12.197821956113884,4,"(1358.0, 401.0)"
CA61,g24,1_00-01-30,5,3.3756, ,15,1,"(1161.5, 545.0)",0,0,1,"(1208.25, 617.75)",1,"(1131.5, 366.25)",1,"(1371.0, 518.25)",1,"(1304.25, 327.5)","(1136.5, 496.0)","(1231.0, 442.5)",0.14486691660799436,9.922108383299177,5,"(1349.0, 406.0)"
CA61,g24,1_00-01-30,5,3.3756, ,16,1,"(1161.5, 545.0)",1,"(1036.0, 450.75)",1,"(1208.25, 617.75)",1,"(1131.5, 366.25)",1,"(1371.0, 518.25)",1,"(1304.25, 327.5)","(1129.5, 501.5)","(1221.5, 449.0)",0.1309408723497689,8.968296956121268,6,"(1347.5, 407.5)"
CA61,g24,1_00-01-30,5,3.3756, ,17,1,"(1161.5, 545.0)",1,"(1036.0, 450.75)",1,"(1208.25, 617.75)",1,"(1131.5, 366.25)",1,"(1371.0, 518.25)",0,0,"(1126.0, 506.0)","(1213.0, 455.0)",0.16719898330929248,11.451658341437227,5,"(1343.0, 411.0)"
CA61,g24,1_00-01-30,5,3.3756, ,18,0,0,1,"(1036.0, 450.75)",1,"(1208.25, 617.75)",1,"(1140.0, 358.75)",1,"(1371.0, 518.25)",0,0,"(1119.5, 510.5)","(1200.5, 459.5)",0.08899103946308216,6.095102728557895,4,"(1342.5, 412.5)"
CA61,g24,1_00-01-30,5,3.3756, ,19,0,0,1,"(1036.0, 450.75)",1,"(1208.25, 617.75)",1,"(1140.0, 358.75)",1,"(1371.0, 518.25)",0,0,"(1108.0, 512.0)","(1193.5, 460.5)",0.13214495168528861,9.050765789923023,4,"(1334.5, 416.5)"
CA61,g24,1_00-01-30,5,3.3756, ,20,0,0,1,"(1036.0, 450.75)",1,"(1208.25, 617.75)",1,"(1139.5, 349.5)",1,"(1371.0, 518.25)",1,"(1232.5, 361.75)","(1100.0, 514.0)","(1183.0, 460.5)",0.0,0.0,5,"(1320.5, 420.0)"
CA61,g24,1_00-01-30,5,3.3756, ,21,0,0,1,"(1036.0, 450.75)",1,"(1208.25, 617.75)",1,"(1143.75, 346.0)",1,"(1371.0, 518.25)",1,"(1232.5, 361.75)","(1093.0, 516.0)","(1183.0, 460.5)",0.09162188281738723,6.275292336455276,5,"(1307.0, 421.0)"
CA61,g24,1_00-01-30,5,3.3756, ,22,1,"(1078.25, 657.75)",1,"(1036.0, 450.75)",1,"(1208.25, 617.75)",1,"(1149.5, 340.75)",1,"(1371.0, 518.25)",1,"(1232.5, 361.75)","(1088.5, 524.0)","(1176.0, 462.5)",0.17117768221197363,11.724164187915205,6,"(1307.5, 420.5)"
CA61,g24,1_00-01-30,5,3.3756, ,23,1,"(1078.25, 657.75)",1,"(1036.0, 450.75)",1,"(1208.25, 617.75)",0,0,1,"(1371.0, 518.25)",1,"(1232.5, 361.75)","(1087.0, 530.5)","(1168.0, 473.5)",0.13554711300116296,9.283783887525786,5,"(1299.5, 423.0)"
CA61,g24,1_00-01-30,5,3.3756, ,24,1,"(1078.25, 657.75)",1,"(1036.0, 450.75)",1,"(1208.25, 617.75)",0,0,0,0,1,"(1232.5, 361.75)","(1079.5, 538.0)","(1158.0, 477.5)",0.04221215640739011,2.8911610792424947,4,"(1298.5, 426.0)"
CA61,g24,1_00-01-30,5,3.3756, ,25,1,"(1078.25, 657.75)",1,"(1036.0, 450.75)",1,"(1208.25, 617.75)",0,0,0,0,1,"(1232.5, 361.75)","(1076.5, 544.0)","(1155.0, 479.0)",0.1156883513020068,7.923633547125262,4,"(1294.0, 427.5)"
CA61,g24,1_00-01-30,5,3.3756, ,26,1,"(1078.25, 657.75)",1,"(1036.0, 450.75)",1,"(1208.25, 617.75)",0,0,0,0,1,"(1232.5, 361.75)","(1066.0, 551.0)","(1146.5, 482.5)",0.11822753490549708,8.097545269061754,4,"(1284.0, 429.5)"
CA61,g24,1_00-01-30,5,3.3756, ,27,1,"(1078.25, 657.75)",0,0,1,"(1208.25, 617.75)",1,"(1043.75, 434.75)",0,0,1,"(1232.5, 361.75)","(1059.5, 555.0)","(1138.0, 486.5)",0.11344176168929038,7.769761937567332,4,"(1281.5, 430.5)"
CA61,g24,1_00-01-30,5,3.3756, ,28,1,"(1078.25, 657.75)",0,0,1,"(1208.25, 617.75)",1,"(1043.75, 434.75)",0,0,1,"(1232.5, 361.75)","(1054.5, 556.5)","(1130.5, 491.5)",0.01407071880246337,0.9637203597474983,4,"(1271.5, 440.0)"
CA61,g24,1_00-01-30,5,3.3756, ,29,1,"(1078.25, 657.75)",0,0,1,"(1208.25, 617.75)",1,"(1043.75, 434.75)",1,"(1253.5, 567.25)",1,"(1232.5, 361.75)","(1048.0, 560.0)","(1131.5, 492.0)",0.06806505701357424,4.6618571625404,5,"(1270.0, 449.0)"
CA61,g24,1_00-01-30,5,3.3756, ,30,1,"(1078.25, 657.75)",0,0,0,0,1,"(1043.75, 434.75)",1,"(1253.5, 567.25)",0,0,"(1046.5, 563.5)","(1128.5, 496.5)",0.09162188281738723,6.275292336455276,3,"(1263.0, 455.5)"
CA61,g24,1_00-01-30,5,3.3756, ,31,1,"(1078.25, 657.75)",0,0,0,0,1,"(1043.75, 434.75)",1,"(1253.5, 567.25)",0,0,"(1039.5, 565.5)","(1126.5, 503.5)",0.07959600545112724,5.45162561235996,3,"(1256.5, 459.5)"
CA61,g24,1_00-01-30,5,3.3756, ,32,1,"(1078.25, 657.75)",0,0,0,0,1,"(1043.75, 434.75)",1,"(1253.5, 567.25)",0,0,"(1028.0, 567.0)","(1120.5, 505.5)",0.07783537052722678,5.331037620654213,3,"(1250.0, 463.0)"
CA61,g24,1_00-01-30,5,3.3756, ,33,1,"(1078.25, 657.75)",0,0,0,0,1,"(1043.75, 434.75)",1,"(1253.5, 567.25)",0,0,"(1018.0, 571.0)","(1114.5, 507.0)",0.10826227207566527,7.41501249911808,3,"(1235.5, 471.0)"
CA61,g24,1_00-01-30,5,3.3756, ,34,1,"(1078.25, 657.75)",0,0,0,0,1,"(1043.75, 434.75)",1,"(1253.5, 567.25)",0,0,"(1012.0, 576.0)","(1107.5, 512.0)",0.21843629679139198,14.960963223062718,3,"(1231.5, 479.0)"
CA61,g24,1_00-01-30,5,3.3756, ,35,1,"(1078.25, 657.75)",1,"(973.0, 530.0)",1,"(1119.75, 702.5)",1,"(1043.75, 434.75)",1,"(1262.75, 565.0)",1,"(1178.5, 421.0)","(1008.0, 582.0)","(1096.0, 525.0)",0.11755578211103074,8.051536116733933,6,"(1230.0, 483.5)"
CA61,g24,1_00-01-30,5,3.3756, ,36,0,0,1,"(973.0, 530.0)",1,"(1119.75, 702.5)",1,"(1043.75, 434.75)",1,"(1262.75, 565.0)",1,"(1178.5, 421.0)","(1007.5, 587.5)","(1093.5, 534.0)",0.09438925120377759,6.464832707087874,5,"(1228.5, 486.0)"
CA61,g24,1_00-01-30,5,3.3756, ,37,0,0,1,"(973.0, 530.0)",1,"(1119.75, 702.5)",1,"(1043.75, 434.75)",1,"(1262.75, 565.0)",1,"(1178.5, 421.0)","(1001.5, 592.0)","(1089.0, 540.0)",0.02517046698767402,1.7239553885567664,5,"(1223.5, 488.0)"
CA61,g24,1_00-01-30,5,3.3756, ,38,0,0,1,"(973.0, 530.0)",1,"(1119.75, 702.5)",1,"(1043.75, 434.75)",1,"(1262.75, 565.0)",1,"(1178.5, 421.0)","(995.5, 599.5)","(1087.0, 540.0)",0.17720169649361203,12.136756130951426,5,"(1222.5, 488.5)"
CA61,g24,1_00-01-30,5,3.3756, ,39,0,0,1,"(973.0, 530.0)",1,"(1119.75, 702.5)",0,0,1,"(1262.75, 565.0)",1,"(1178.5, 421.0)","(994.0, 606.5)","(1073.5, 544.0)",0.11344176168929038,7.769761937567332,4,"(1213.5, 490.5)"
CA61,g24,1_00-01-30,5,3.3756, ,40,0,0,1,"(973.0, 530.0)",1,"(1119.75, 702.5)",0,0,1,"(1262.75, 565.0)",1,"(1178.5, 421.0)","(990.5, 612.5)","(1064.5, 544.5)",0.11132775480034868,7.624971077333319,4,"(1203.5, 491.5)"
CA61,g24,1_00-01-30,5,3.3756, ,41,0,0,1,"(973.0, 530.0)",1,"(1119.75, 702.5)",1,"(977.5, 458.75)",0,0,1,"(1182.5, 418.5)","(985.0, 617.5)","(1058.5, 551.0)",0.08442431281478022,5.782322158484989,4,"(1198.5, 494.0)"
CA61,g24,1_00-01-30,5,3.3756, ,42,1,"(1031.75, 688.5)",1,"(973.0, 530.0)",1,"(1119.75, 702.5)",1,"(977.5, 458.75)",0,0,1,"(1182.5, 418.5)","(973.5, 616.5)","(1055.5, 557.0)",0.07174686974403761,4.914028919999152,5,"(1196.0, 504.0)"
CA61,g24,1_00-01-30,5,3.3756, ,43,1,"(1031.75, 688.5)",0,0,1,"(1119.75, 702.5)",1,"(977.5, 458.75)",0,0,1,"(1182.5, 418.5)","(973.0, 617.5)","(1052.0, 561.5)",0.10715940183597415,7.339475597338488,4,"(1203.5, 516.0)"
CA61,g24,1_00-01-30,5,3.3756, ,44,1,"(1031.75, 688.5)",0,0,1,"(1119.75, 702.5)",1,"(977.5, 458.75)",1,"(1184.75, 639.0)",1,"(1182.5, 418.5)","(973.0, 617.5)","(1051.5, 570.0)",0.08276645102686636,5.668773221782462,5,"(1210.5, 525.5)"
CA61,g24,1_00-01-30,5,3.3756, ,45,1,"(1031.75, 688.5)",0,0,1,"(1119.75, 702.5)",1,"(977.5, 458.75)",1,"(1184.75, 639.0)",1,"(1182.5, 418.5)","(968.0, 618.0)","(1052.5, 576.5)",0.008899103946308216,0.6095102728557894,5,"(1205.0, 528.0)"
CA61,g24,1_00-01-30,5,3.3756, ,46,1,"(1031.75, 688.5)",0,0,0,0,1,"(977.5, 458.75)",1,"(1184.75, 639.0)",0,0,"(957.5, 620.0)","(1052.0, 577.0)",0.24726060626075722,16.935174653286644,3,"(1198.5, 529.5)"
CA61,g24,1_00-01-30,5,3.3756, ,47,1,"(1031.75, 688.5)",1,"(878.0, 530.5)",0,0,1,"(977.5, 458.75)",1,"(1184.75, 639.0)",0,0,"(954.5, 620.5)","(1033.0, 582.0)",0.10146539624983386,6.949486344556412,4,"(1193.0, 525.5)"
CA61,g24,1_00-01-30,5,3.3756, ,48,1,"(1031.75, 688.5)",1,"(878.0, 530.5)",0,0,1,"(977.5, 458.75)",1,"(1184.75, 639.0)",0,0,"(948.0, 622.5)","(1026.0, 586.0)",0.0,0.0,4,"(1183.5, 528.0)"
CA61,g24,1_00-01-30,5,3.3756, ,49,0,0,1,"(878.0, 530.5)",0,0,1,"(977.5, 458.75)",1,"(1184.75, 639.0)",1,"(1046.5, 478.25)","(937.0, 624.5)","(1026.0, 586.0)",0.15154627941222298,10.379585930462463,4,"(1167.5, 529.5)"
CA61,g24,1_00-01-30,5,3.3756, ,50,0,0,1,"(878.0, 530.5)",1,"(1035.0, 717.0)",1,"(977.5, 458.75)",1,"(1190.5, 646.0)",1,"(1046.5, 478.25)","(923.0, 625.0)","(1014.0, 587.0)",0.09625852675229463,6.592861625110787,5,"(1162.0, 534.5)"
CA61,g24,1_00-01-30,5,3.3756, ,51,0,0,1,"(878.0, 530.5)",1,"(1035.0, 717.0)",1,"(977.5, 458.75)",1,"(1190.5, 646.0)",1,"(1046.5, 478.25)","(916.0, 629.0)","(1006.5, 588.5)",0.13554711300116296,9.283783887525786,5,"(1152.0, 538.5)"
CA61,g24,1_00-01-30,5,3.3756, ,52,0,0,1,"(878.0, 530.5)",1,"(1035.0, 717.0)",1,"(977.5, 458.75)",1,"(1190.5, 646.0)",1,"(1046.5, 478.25)","(901.5, 634.0)","(996.5, 592.5)",0.1910718648382291,13.086740549977165,5,"(1136.5, 541.0)"
CA61,g24,1_00-01-30,5,3.3756, ,53,0,0,1,"(878.0, 530.5)",1,"(1035.0, 717.0)",1,"(977.5, 458.75)",1,"(1190.5, 646.0)",1,"(1046.5, 478.25)","(886.5, 635.5)","(982.0, 597.0)",0.2110607820369505,14.45580539621247,5,"(1130.5, 545.0)"
CA61,g24,1_00-01-30,5,3.3756, ,54,0,0,1,"(878.0, 530.5)",1,"(1035.0, 717.0)",1,"(977.5, 458.75)",0,0,1,"(1046.5, 478.25)","(879.5, 636.0)","(965.5, 600.0)",0.14527633876195528,9.950150196304119,4,"(1118.5, 545.0)"
CA61,g24,1_00-01-30,5,3.3756, ,55,1,"(868.5, 758.5)",1,"(878.0, 530.5)",1,"(1035.0, 717.0)",0,0,0,0,1,"(1046.5, 478.25)","(873.0, 638.5)","(954.5, 603.5)",0.09768768167577432,6.690746155128517,4,"(1105.5, 548.0)"
CA61,g24,1_00-01-30,5,3.3756, ,56,1,"(868.5, 758.5)",1,"(878.0, 530.5)",1,"(1035.0, 717.0)",0,0,0,0,1,"(1046.5, 478.25)","(862.5, 645.0)","(947.0, 605.5)",0.19759217384873534,13.533324312575692,4,"(1093.0, 549.5)"
CA61,g24,1_00-01-30,5,3.3756, ,57,1,"(868.5, 758.5)",1,"(878.0, 530.5)",1,"(1035.0, 717.0)",0,0,0,0,1,"(1046.5, 478.25)","(853.5, 646.0)","(931.5, 608.0)",0.06950422371251337,4.760427411033706,4,"(1083.5, 551.5)"
CA61,g24,1_00-01-30,5,3.3756, ,58,1,"(868.5, 758.5)",1,"(878.0, 530.5)",0,0,1,"(868.0, 465.5)",0,0,1,"(1046.5, 478.25)","(841.5, 645.0)","(926.0, 607.5)",0.05663355072226655,3.8788996242527247,4,"(1062.5, 554.0)"
CA61,g24,1_00-01-30,5,3.3756, ,59,1,"(868.5, 758.5)",0,0,0,0,1,"(868.0, 465.5)",1,"(1064.75, 683.5)",1,"(1046.5, 478.25)","(828.5, 643.0)","(921.5, 607.5)",0.07035359401231685,4.818601798737491,4,"(1063.5, 563.0)"
CA61,g24,1_00-01-30,5,3.3756, ,60,1,"(868.5, 758.5)",0,0,0,0,1,"(868.0, 465.5)",1,"(1064.75, 683.5)",1,"(1046.5, 478.25)","(815.5, 645.0)","(916.5, 610.0)",0.2887070119120358,19.77388854738409,4,"(1047.5, 565.5)"
CA61,g24,1_00-01-30,5,3.3756, ,61,1,"(868.5, 758.5)",0,0,0,0,1,"(868.0, 465.5)",1,"(1034.25, 667.75)",1,"(1046.5, 478.25)","(810.0, 645.5)","(894.5, 616.5)",0.008899103946308216,0.6095102728557894,4,"(1047.0, 565.0)"
CA61,g24,1_00-01-30,5,3.3756, ,62,1,"(868.5, 758.5)",0,0,0,0,1,"(868.0, 465.5)",1,"(1034.25, 667.75)",0,0,"(806.5, 646.5)","(895.0, 617.0)",0.09290937285411323,6.363474068944144,3,"(1050.5, 567.0)"
CA61,g24,1_00-01-30,5,3.3756, ,63,1,"(868.5, 758.5)",1,"(728.25, 556.0)",0,0,1,"(868.0, 465.5)",1,"(1034.25, 667.75)",0,0,"(802.0, 649.5)","(888.5, 620.5)",0.05698206817004046,3.9027700010872146,4,"(1044.5, 568.5)"
CA61,g24,1_00-01-30,5,3.3756, ,64,1,"(868.5, 758.5)",1,"(728.25, 556.0)",1,"(910.25, 763.75)",1,"(868.0, 465.5)",1,"(1034.25, 667.75)",0,0,"(793.5, 652.5)","(884.0, 621.0)",0.17001714217168645,11.64467741251812,5,"(1035.5, 579.5)"
CA61,g24,1_00-01-30,5,3.3756, ,65,1,"(868.5, 758.5)",1,"(728.25, 556.0)",1,"(910.25, 763.75)",1,"(868.0, 465.5)",1,"(1034.25, 667.75)",0,0,"(793.5, 659.5)","(870.5, 621.5)",0.15310597346273183,10.486411241418805,5,"(1032.0, 579.5)"
CA61,g24,1_00-01-30,5,3.3756, ,66,0,0,1,"(728.25, 556.0)",1,"(910.25, 763.75)",1,"(868.0, 465.5)",1,"(1034.25, 667.75)",1,"(922.75, 503.0)","(790.0, 664.0)","(858.5, 623.5)",0.018877850240755514,1.2929665414175746,5,"(1021.5, 575.0)"
CA61,g24,1_00-01-30,5,3.3756, ,67,0,0,1,"(728.25, 556.0)",1,"(910.25, 763.75)",1,"(868.0, 465.5)",1,"(1034.25, 667.75)",1,"(922.75, 503.0)","(782.5, 668.0)","(860.0, 623.5)",0.053764141053519524,3.682370324147337,5,"(1014.0, 567.0)"
CA61,g24,1_00-01-30,5,3.3756, ,68,0,0,1,"(728.25, 556.0)",1,"(910.25, 763.75)",0,0,1,"(1034.25, 667.75)",1,"(922.75, 503.0)","(775.5, 675.5)","(856.0, 625.0)",0.01407071880246337,0.9637203597474983,4,"(1008.0, 563.5)"
CA61,g24,1_00-01-30,5,3.3756, ,69,0,0,1,"(728.25, 556.0)",1,"(910.25, 763.75)",0,0,1,"(1034.25, 667.75)",1,"(922.75, 503.0)","(767.5, 680.0)","(855.0, 625.5)",0.11150545284608353,7.63714182901745,4,"(1004.0, 563.5)"
CA61,g24,1_00-01-30,5,3.3756, ,70,1,"(784.25, 820.75)",1,"(728.25, 556.0)",1,"(910.25, 763.75)",0,0,0,0,1,"(922.75, 503.0)","(763.0, 684.5)","(846.5, 628.0)",0.12726029796897415,8.716210014712422,4,"(989.0, 566.0)"
CA61,g24,1_00-01-30,5,3.3756, ,71,1,"(784.25, 820.75)",1,"(728.25, 556.0)",1,"(910.25, 763.75)",1,"(768.5, 542.75)",0,0,1,"(922.75, 503.0)","(753.0, 694.5)","(836.5, 629.5)",0.14957379256017267,10.244487946816996,5,"(966.0, 565.0)"
CA61,g24,1_00-01-30,5,3.3756, ,72,1,"(784.25, 820.75)",1,"(728.25, 556.0)",1,"(910.25, 763.75)",1,"(768.5, 542.75)",0,0,1,"(922.75, 503.0)","(740.5, 699.0)","(825.5, 634.0)",0.2110607820369505,14.45580539621247,5,"(964.5, 565.0)"
CA61,g24,1_00-01-30,5,3.3756, ,73,1,"(784.25, 820.75)",1,"(728.25, 556.0)",1,"(910.25, 763.75)",1,"(768.5, 542.75)",0,0,1,"(922.75, 503.0)","(733.0, 701.5)","(809.0, 637.0)",0.006292616746918505,0.4309888471391916,5,"(952.5, 565.0)"
CA61,g24,1_00-01-30,5,3.3756, ,74,1,"(784.25, 820.75)",0,0,1,"(910.25, 763.75)",1,"(768.5, 542.75)",1,"(965.5, 695.0)",1,"(922.75, 503.0)","(730.0, 706.5)","(809.0, 637.5)",0.1407071880246337,9.637203597474983,5,"(953.0, 570.0)"
CA61,g24,1_00-01-30,5,3.3756, ,75,1,"(784.25, 820.75)",0,0,0,0,1,"(768.5, 542.75)",1,"(965.5, 695.0)",1,"(922.75, 503.0)","(723.0, 707.5)","(799.0, 642.5)",0.14349373948807523,9.828057839998303,4,"(941.0, 577.5)"
CA61,g24,1_00-01-30,5,3.3756, ,76,1,"(784.25, 820.75)",0,0,0,0,1,"(768.5, 542.75)",1,"(965.5, 695.0)",0,0,"(712.5, 709.5)","(792.0, 651.5)",0.10715940183597415,7.339475597338488,3,"(934.0, 582.0)"
CA61,g24,1_00-01-30,5,3.3756, ,77,1,"(784.25, 820.75)",0,0,0,0,1,"(768.5, 542.75)",1,"(965.5, 695.0)",0,0,"(709.5, 713.5)","(786.5, 658.0)",0.12395017508320229,8.48949573926787,3,"(928.5, 585.5)"
CA61,g24,1_00-01-30,5,3.3756, ,78,1,"(784.25, 820.75)",1,"(638.5, 646.25)",1,"(795.5, 792.5)",1,"(768.5, 542.75)",1,"(973.0, 695.0)",0,0,"(704.0, 721.0)","(782.5, 667.0)",0.08442431281478022,5.782322158484989,5,"(918.5, 592.5)"
CA61,g24,1_00-01-30,5,3.3756, ,79,1,"(784.25, 820.75)",1,"(638.5, 646.25)",1,"(795.5, 792.5)",1,"(768.5, 542.75)",1,"(973.0, 695.0)",0,0,"(697.0, 731.0)","(779.5, 673.0)",0.15426539579466012,10.56582146363358,5,"(915.5, 593.5)"
CA61,g24,1_00-01-30,5,3.3756, ,80,1,"(784.25, 820.75)",1,"(638.5, 646.25)",1,"(795.5, 792.5)",1,"(768.5, 542.75)",1,"(973.0, 695.0)",1,"(790.25, 549.5)","(690.5, 733.5)","(767.5, 675.5)",0.12022027414755682,8.23403036312138,6,"(909.0, 594.5)"
CA61,g24,1_00-01-30,5,3.3756, ,81,0,0,1,"(638.5, 646.25)",1,"(795.5, 792.5)",1,"(768.5, 542.75)",1,"(973.0, 695.0)",1,"(790.25, 549.5)","(682.5, 736.0)","(758.0, 676.5)",0.06478645464525373,4.4373017650355004,5,"(902.5, 598.5)"
CA61,g24,1_00-01-30,5,3.3756, ,82,0,0,1,"(638.5, 646.25)",1,"(795.5, 792.5)",0,0,1,"(973.0, 695.0)",1,"(790.25, 549.5)","(673.5, 739.0)","(753.5, 679.0)",0.03669194554397973,2.513075234883461,4,"(877.0, 600.5)"
CA61,g24,1_00-01-30,5,3.3756, ,83,0,0,1,"(638.5, 646.25)",1,"(795.5, 792.5)",0,0,1,"(973.0, 695.0)",1,"(790.25, 549.5)","(667.5, 742.5)","(751.0, 680.5)",0.11007583663193918,7.539225704650381,4,"(877.0, 600.5)"
CA61,g24,1_00-01-30,5,3.3756, ,84,0,0,1,"(638.5, 646.25)",1,"(795.5, 792.5)",0,0,0,0,1,"(790.25, 549.5)","(664.0, 747.5)","(743.5, 685.0)",0.09605262592453483,6.578759231154463,3,"(866.5, 601.0)"
CA61,g24,1_00-01-30,5,3.3756, ,85,0,0,1,"(638.5, 646.25)",1,"(795.5, 792.5)",1,"(648.25, 589.5)",0,0,1,"(790.25, 549.5)","(651.5, 754.5)","(737.0, 689.0)",0.07174686974403761,4.914028919999152,4,"(866.5, 601.0)"
CA61,g24,1_00-01-30,5,3.3756, ,86,1,"(702.75, 831.75)",1,"(638.5, 646.25)",1,"(795.5, 792.5)",1,"(648.25, 589.5)",0,0,1,"(790.25, 549.5)","(642.5, 759.0)","(732.5, 692.5)",0.08395397872168218,5.750108413916191,5,"(862.5, 606.5)"
CA61,g24,1_00-01-30,5,3.3756, ,87,1,"(702.75, 831.75)",1,"(638.5, 646.25)",1,"(795.5, 792.5)",1,"(648.25, 589.5)",0,0,1,"(790.25, 549.5)","(631.0, 760.0)","(726.0, 694.0)",0.13929300953947266,9.54034482162993,5,"(855.0, 613.5)"
CA61,g24,1_00-01-30,5,3.3756, ,88,1,"(702.75, 831.75)",0,0,1,"(795.5, 792.5)",1,"(648.25, 589.5)",1,"(876.75, 730.0)",1,"(790.25, 549.5)","(621.5, 756.5)","(715.5, 697.5)",0.02814143760492674,1.9274407194949965,5,"(852.5, 623.0)"
CA61,g24,1_00-01-30,5,3.3756, ,89,1,"(702.75, 831.75)",0,0,1,"(795.5, 792.5)",1,"(648.25, 589.5)",1,"(876.75, 730.0)",0,0,"(619.5, 756.0)","(713.5, 698.5)",0.045810941408693615,3.137646168227638,4,"(855.5, 627.0)"
CA61,g24,1_00-01-30,5,3.3756, ,90,1,"(702.75, 831.75)",0,0,1,"(795.5, 792.5)",1,"(648.25, 589.5)",1,"(876.75, 730.0)",0,0,"(619.5, 756.0)","(710.0, 699.5)",0.045376704675716154,3.107904775026933,4,"(856.5, 633.0)"
CA61,g24,1_00-01-30,5,3.3756, ,91,1,"(702.75, 831.75)",1,"(575.75, 684.25)",1,"(795.5, 792.5)",1,"(648.25, 589.5)",1,"(876.75, 730.0)",0,0,"(610.0, 759.5)","(708.0, 702.5)",0.14376942416007238,9.84693981290984,5,"(855.0, 634.0)"
CA61,g24,1_00-01-30,5,3.3756, ,92,1,"(702.75, 831.75)",1,"(575.75, 684.25)",1,"(795.5, 792.5)",1,"(648.25, 589.5)",1,"(876.75, 730.0)",0,0,"(608.5, 759.5)","(697.5, 707.0)",0.006292616746918505,0.4309888471391916,5,"(850.0, 632.0)"
CA61,g24,1_00-01-30,5,3.3756, ,93,1,"(702.75, 831.75)",1,"(575.75, 684.25)",1,"(795.5, 792.5)",1,"(648.25, 589.5)",1,"(876.75, 730.0)",0,0,"(607.5, 760.0)","(698.0, 707.0)",0.0,0.0,5,"(850.0, 632.0)"
CA61,g24,1_00-01-30,5,3.3756, ,94,1,"(702.75, 831.75)",1,"(575.75, 684.25)",1,"(795.5, 792.5)",1,"(648.25, 589.5)",1,"(876.75, 730.0)",1,"(797.0, 558.25)","(607.5, 760.0)","(698.0, 707.0)",0.0,0.0,6,"(850.0, 632.0)"
CA61,g24,1_00-01-14,5,3.3756, ,0,1,"(956.0, 681.0)",1,"(957.75, 790.5)",1,"(824.25, 606.25)",1,"(840.0, 867.25)",1,"(672.5, 618.0)",1,"(709.5, 850.25)","(915.0, 753.5)","(815.5, 758.0)",0.0,0.0,6,"(681.5, 732.0)"
CA61,g24,1_00-01-14,5,3.3756, ,1,1,"(956.0, 681.0)",1,"(957.75, 790.5)",1,"(824.25, 606.25)",1,"(840.0, 867.25)",1,"(672.5, 618.0)",1,"(709.5, 850.25)","(915.0, 753.5)","(815.5, 758.0)",0.0,0.0,6,"(681.5, 732.0)"
CA61,g24,1_00-01-14,5,3.3756, ,2,1,"(956.0, 681.0)",1,"(957.75, 790.5)",1,"(824.25, 606.25)",1,"(840.0, 867.25)",1,"(672.5, 618.0)",1,"(709.5, 850.25)","(915.0, 753.5)","(815.5, 758.0)",0.0,0.0,6,"(682.0, 732.0)"
CA61,g24,1_00-01-14,5,3.3756, ,3,1,"(956.0, 681.0)",1,"(957.75, 790.5)",1,"(824.25, 606.25)",1,"(840.0, 867.25)",1,"(672.5, 618.0)",1,"(709.5, 850.25)","(915.0, 753.5)","(815.5, 758.0)",0.0,0.0,6,"(682.0, 732.0)"
CA61,g24,1_00-01-14,5,3.3756, ,4,1,"(956.0, 681.0)",1,"(957.75, 790.5)",1,"(824.25, 606.25)",1,"(840.0, 867.25)",1,"(672.5, 618.0)",1,"(709.5, 850.25)","(915.0, 753.5)","(815.5, 758.0)",0.0,0.0,6,"(683.0, 731.5)"
CA61,g24,1_00-01-14,5,3.3756, ,5,1,"(956.0, 681.0)",1,"(957.75, 790.5)",1,"(824.25, 606.25)",1,"(840.0, 867.25)",1,"(672.5, 618.0)",1,"(709.5, 850.25)","(915.0, 753.5)","(815.5, 758.0)",0.0,0.0,6,"(683.0, 731.5)"
CA61,g24,1_00-01-14,5,3.3756, ,6,1,"(956.0, 681.0)",1,"(957.75, 790.5)",1,"(824.25, 606.25)",1,"(840.0, 867.25)",1,"(672.5, 618.0)",1,"(709.5, 850.25)","(915.0, 753.5)","(815.5, 758.0)",0.0,0.0,6,"(683.0, 731.5)"
CA61,g24,1_00-01-14,5,3.3756, ,7,1,"(956.0, 681.0)",1,"(957.75, 790.5)",1,"(824.25, 606.25)",1,"(840.0, 867.25)",1,"(672.5, 618.0)",1,"(709.5, 850.25)","(915.0, 753.5)","(815.5, 758.0)",0.0,0.0,6,"(683.0, 731.5)"
CA61,g24,1_00-01-14,5,3.3756, ,8,0,0,1,"(957.75, 790.5)",1,"(824.25, 606.25)",1,"(840.0, 867.25)",1,"(672.5, 618.0)",1,"(709.5, 850.25)","(915.0, 753.5)","(815.5, 758.0)",0.04563205007214844,3.3797346060102536,5,"(684.5, 734.5)"
CA61,g24,1_00-01-14,5,3.3756, ,9,0,0,1,"(957.75, 790.5)",1,"(824.25, 606.25)",1,"(840.0, 867.25)",1,"(672.5, 618.0)",1,"(706.0, 852.25)","(918.5, 743.5)","(819.0, 757.0)",0.10674094528327424,7.905760667814411,5,"(685.5, 744.5)"
CA61,g24,1_00-01-14,5,3.3756, ,10,0,0,1,"(957.75, 790.5)",1,"(824.25, 606.25)",1,"(840.0, 867.25)",1,"(668.5, 620.0)",1,"(706.0, 852.25)","(921.5, 730.5)","(824.5, 750.5)",0.10637223625309572,7.878452259209657,5,"(690.0, 747.0)"
CA61,g24,1_00-01-14,5,3.3756, ,11,0,0,1,"(957.75, 790.5)",1,"(824.25, 606.25)",1,"(840.0, 867.25)",1,"(665.75, 622.0)",0,0,"(922.5, 719.5)","(830.5, 744.5)",0.13326044616859095,9.8699256512967,4,"(695.0, 746.5)"
CA61,g24,1_00-01-14,5,3.3756, ,12,0,0,1,"(957.75, 790.5)",1,"(824.25, 606.25)",1,"(840.0, 867.25)",1,"(663.75, 626.75)",0,0,"(930.0, 703.0)","(837.5, 736.5)",0.0956775412372978,7.086350418760483,4,"(699.5, 747.0)"
CA61,g24,1_00-01-14,5,3.3756, ,13,1,"(922.0, 548.75)",1,"(957.75, 790.5)",1,"(824.25, 606.25)",0,0,1,"(663.75, 626.75)",0,0,"(938.0, 694.5)","(844.0, 732.5)",0.14085677302437036,10.432547070068166,4,"(710.0, 751.5)"
CA61,g24,1_00-01-14,5,3.3756, ,14,1,"(922.0, 548.75)",1,"(957.75, 790.5)",1,"(824.25, 606.25)",0,0,1,"(663.75, 626.75)",1,"(810.0, 828.5)","(944.5, 685.0)","(850.0, 723.0)",0.13917316544486516,10.30785079211444,5,"(714.5, 752.0)"
CA61,g24,1_00-01-14,5,3.3756, ,15,1,"(922.0, 548.75)",1,"(957.75, 790.5)",1,"(824.25, 606.25)",0,0,1,"(663.75, 626.75)",1,"(810.0, 828.5)","(947.0, 684.5)","(859.0, 716.5)",0.12170340266384104,9.013954030157342,5,"(718.5, 750.5)"
CA61,g24,1_00-01-14,5,3.3756, ,16,1,"(922.0, 548.75)",1,"(957.75, 790.5)",1,"(824.25, 606.25)",0,0,0,0,1,"(810.0, 828.5)","(954.0, 672.5)","(864.5, 708.5)",0.01253608826409025,0.9284845029569374,4,"(724.5, 745.5)"
CA61,g24,1_00-01-14,5,3.3756, ,17,1,"(922.0, 548.75)",1,"(957.75, 790.5)",1,"(824.25, 606.25)",0,0,0,0,1,"(810.0, 828.5)","(960.0, 671.0)","(865.5, 708.5)",0.08775261784863175,6.499391520698561,4,"(736.0, 748.5)"
CA61,g24,1_00-01-14,5,3.3756, ,18,1,"(913.25, 558.25)",1,"(957.75, 790.5)",1,"(824.25, 606.25)",1,"(956.75, 804.25)",0,0,1,"(810.0, 828.5)","(967.5, 670.0)","(872.5, 708.5)",0.14416501503703788,10.67757178400478,5,"(741.0, 754.0)"
CA61,g24,1_00-01-14,5,3.3756, ,19,1,"(913.25, 558.25)",1,"(957.75, 790.5)",1,"(824.25, 606.25)",1,"(956.75, 804.25)",0,0,1,"(810.0, 828.5)","(973.0, 664.0)","(884.0, 708.5)",0.06923281031010059,5.127723267011524,5,"(748.5, 760.0)"
CA61,g24,1_00-01-14,5,3.3756, ,20,1,"(908.75, 561.0)",0,0,1,"(819.75, 608.0)",1,"(956.75, 804.25)",1,"(725.75, 645.0)",1,"(810.0, 828.5)","(982.5, 666.5)","(889.5, 709.0)",0.008864353021091311,0.6565376882674715,5,"(754.5, 759.5)"
CA61,g24,1_00-01-14,5,3.3756, ,21,1,"(900.75, 565.75)",0,0,0,0,1,"(956.75, 804.25)",1,"(725.75, 645.0)",1,"(810.0, 828.5)","(982.5, 667.5)","(890.0, 709.5)",0.0,0.0,4,"(762.5, 761.0)"
CA61,g24,1_00-01-14,5,3.3756, ,22,1,"(896.25, 576.75)",0,0,0,0,1,"(956.75, 804.25)",1,"(725.75, 645.0)",1,"(810.0, 828.5)","(982.5, 667.5)","(890.0, 709.5)",0.07753142406736506,5.742359516160849,4,"(768.0, 762.0)"
CA61,g24,1_00-01-14,5,3.3756, ,23,1,"(896.25, 576.75)",0,0,0,0,1,"(956.75, 804.25)",1,"(725.75, 645.0)",1,"(810.0, 828.5)","(984.5, 662.5)","(896.0, 708.0)",0.21209712855493543,15.7089590338182,4,"(771.0, 762.0)"
CA61,g24,1_00-01-14,5,3.3756, ,24,1,"(896.25, 576.75)",1,"(1091.0, 728.5)",0,0,1,"(956.75, 804.25)",1,"(725.75, 645.0)",1,"(810.0, 828.5)","(995.0, 660.5)","(912.0, 702.5)",0.12105603954777294,8.966007126115759,5,"(773.0, 759.5)"
CA61,g24,1_00-01-14,5,3.3756, ,25,1,"(896.25, 576.75)",1,"(1091.0, 728.5)",1,"(889.75, 575.75)",1,"(956.75, 804.25)",1,"(725.75, 645.0)",1,"(810.0, 828.5)","(1000.0, 660.0)","(921.0, 699.0)",0.07309732761744499,5.413948471851252,6,"(779.0, 758.5)"
CA61,g24,1_00-01-14,5,3.3756, ,26,1,"(896.25, 576.75)",1,"(1091.0, 728.5)",1,"(889.75, 575.75)",1,"(956.75, 804.25)",1,"(725.75, 645.0)",1,"(810.0, 828.5)","(1004.5, 656.5)","(926.0, 696.0)",0.0,0.0,6,"(784.0, 754.5)"
CA61,g24,1_00-01-14,5,3.3756, ,27,0,0,1,"(1091.0, 728.5)",1,"(889.75, 575.75)",1,"(956.75, 804.25)",1,"(725.75, 645.0)",0,0,"(1003.5, 651.5)","(926.0, 696.0)",0.06923281031010059,5.127723267011524,4,"(784.0, 754.0)"
CA61,g24,1_00-01-14,5,3.3756, ,28,0,0,1,"(1091.0, 728.5)",1,"(889.75, 575.75)",1,"(956.75, 804.25)",1,"(725.75, 645.0)",0,0,"(1005.5, 650.0)","(931.5, 695.5)",0.0,0.0,4,"(786.5, 752.5)"
CA61,g24,1_00-01-14,5,3.3756, ,29,0,0,1,"(1091.0, 728.5)",1,"(889.75, 575.75)",1,"(956.75, 804.25)",1,"(725.75, 645.0)",1,"(897.25, 822.75)","(1009.5, 648.5)","(931.5, 695.5)",0.08432790926300156,6.245740718158367,5,"(797.0, 750.5)"
CA61,g24,1_00-01-14,5,3.3756, ,30,0,0,1,"(1091.0, 728.5)",1,"(889.75, 575.75)",1,"(956.75, 804.25)",1,"(725.75, 645.0)",1,"(897.25, 822.75)","(1015.0, 646.0)","(936.5, 691.0)",0.062050471147639175,4.5957638178723,5,"(809.0, 749.5)"
CA61,g24,1_00-01-14,5,3.3756, ,31,1,"(1001.75, 537.25)",0,0,1,"(889.75, 575.75)",1,"(956.75, 804.25)",1,"(725.75, 645.0)",1,"(897.25, 822.75)","(1017.5, 637.0)","(940.0, 687.5)",0.06663022308429548,4.93496282564835,5,"(807.5, 749.0)"
CA61,g24,1_00-01-14,5,3.3756, ,32,1,"(1001.75, 537.25)",0,0,1,"(889.75, 575.75)",1,"(956.75, 804.25)",0,0,1,"(897.25, 822.75)","(1017.0, 625.5)","(944.0, 684.0)",0.08148457371658663,6.035149269220093,4,"(812.5, 747.5)"
CA61,g24,1_00-01-14,5,3.3756, ,33,1,"(1001.75, 537.25)",0,0,1,"(889.75, 575.75)",0,0,0,0,1,"(897.25, 822.75)","(1014.5, 616.5)","(946.5, 678.0)",0.062050471147639175,4.5957638178723,3,"(819.0, 744.5)"
CA61,g24,1_00-01-14,5,3.3756, ,34,1,"(1001.75, 537.25)",1,"(1065.75, 666.5)",1,"(889.75, 575.75)",0,0,0,0,1,"(897.25, 822.75)","(1015.0, 607.0)","(950.0, 674.5)",0.08409463659132942,6.228463394000451,4,"(829.0, 743.5)"
CA61,g24,1_00-01-14,5,3.3756, ,35,1,"(1001.75, 537.25)",1,"(1065.75, 666.5)",1,"(889.75, 575.75)",1,"(1066.5, 779.0)",0,0,1,"(897.25, 822.75)","(1021.0, 604.5)","(956.0, 671.5)",0.13689615021644533,10.139203818030762,5,"(843.5, 737.0)"
CA61,g24,1_00-01-14,5,3.3756, ,36,1,"(1001.75, 537.25)",1,"(1065.75, 666.5)",0,0,1,"(1066.5, 779.0)",1,"(809.0, 626.25)",1,"(897.25, 822.75)","(1047.5, 601.5)","(966.5, 668.5)",0.10280356743761558,7.614139052286057,5,"(852.5, 734.0)"
CA61,g24,1_00-01-14,5,3.3756, ,37,1,"(1001.75, 537.25)",0,0,0,0,1,"(1066.5, 779.0)",1,"(809.0, 626.25)",1,"(897.25, 822.75)","(1052.0, 600.5)","(971.5, 662.0)",0.08908564532367488,6.598122107666329,4,"(858.5, 726.5)"
CA61,g24,1_00-01-14,5,3.3756, ,38,1,"(1001.75, 537.25)",0,0,0,0,1,"(1066.5, 779.0)",1,"(809.0, 626.25)",1,"(897.25, 822.75)","(1055.5, 595.5)","(976.0, 656.5)",0.099106479658579,7.340314503783162,4,"(868.0, 722.0)"
CA61,g24,1_00-01-14,5,3.3756, ,39,1,"(1001.75, 537.25)",0,0,0,0,1,"(1066.5, 779.0)",1,"(809.0, 626.25)",1,"(897.25, 822.75)","(1059.0, 595.0)","(980.5, 650.0)",0.10655675024476713,7.892118275133968,4,"(869.5, 718.5)"
CA61,g24,1_00-01-14,5,3.3756, ,40,1,"(1001.75, 537.25)",0,0,0,0,1,"(1066.5, 779.0)",1,"(809.0, 626.25)",1,"(897.25, 822.75)","(1071.5, 589.5)","(988.0, 646.0)",0.08432790926300156,6.245740718158367,4,"(869.5, 717.5)"
CA61,g24,1_00-01-14,5,3.3756, ,41,1,"(1001.75, 537.25)",0,0,1,"(977.5, 542.25)",1,"(1066.5, 779.0)",1,"(809.0, 626.25)",1,"(897.25, 822.75)","(1069.0, 589.5)","(993.0, 641.5)",0.0,0.0,5,"(866.0, 717.0)"
CA61,g24,1_00-01-14,5,3.3756, ,42,1,"(1001.75, 537.25)",1,"(1163.75, 636.25)",1,"(977.5, 542.25)",1,"(1066.5, 779.0)",1,"(809.0, 626.25)",0,0,"(1070.0, 589.0)","(993.0, 641.5)",0.05318611812654786,3.9392261296048283,5,"(866.0, 717.0)"
CA61,g24,1_00-01-14,5,3.3756, ,43,1,"(1001.75, 537.25)",1,"(1163.75, 636.25)",1,"(977.5, 542.25)",1,"(1066.5, 779.0)",1,"(809.0, 626.25)",0,0,"(1073.0, 588.5)","(996.0, 638.5)",0.06453346409092049,4.779666517041389,5,"(865.5, 712.0)"
CA61,g24,1_00-01-14,5,3.3756, ,44,1,"(1001.75, 537.25)",1,"(1163.75, 636.25)",1,"(977.5, 542.25)",1,"(1066.5, 779.0)",1,"(809.0, 626.25)",0,0,"(1080.0, 588.5)","(1000.5, 636.0)",0.11299877257479937,8.369246209712333,5,"(870.0, 712.0)"
CA61,g24,1_00-01-14,5,3.3756, ,45,1,"(1001.75, 537.25)",1,"(1163.75, 636.25)",1,"(977.5, 542.25)",1,"(1066.5, 779.0)",1,"(809.0, 626.25)",1,"(999.5, 788.25)","(1083.5, 582.0)","(1008.0, 631.0)",0.1177658573873033,8.722320013872606,6,"(873.0, 713.0)"
CA61,g24,1_00-01-14,5,3.3756, ,46,0,0,1,"(1163.75, 636.25)",1,"(977.5, 542.25)",1,"(1066.5, 779.0)",1,"(809.0, 626.25)",1,"(999.5, 788.25)","(1089.0, 580.5)","(1016.5, 627.0)",0.08172529676308986,6.0529784048702515,5,"(881.5, 714.0)"
CA61,g24,1_00-01-14,5,3.3756, ,47,0,0,1,"(1163.75, 636.25)",1,"(977.5, 542.25)",1,"(1066.5, 779.0)",1,"(809.0, 626.25)",1,"(999.5, 788.25)","(1092.5, 580.5)","(1020.0, 621.5)",0.0,0.0,5,"(882.0, 714.0)"
CA61,g24,1_00-01-14,5,3.3756, ,48,0,0,1,"(1163.75, 636.25)",1,"(977.5, 542.25)",1,"(1066.5, 779.0)",1,"(809.0, 626.25)",1,"(999.5, 788.25)","(1098.0, 573.5)","(1020.0, 621.5)",0.06173307535189492,4.572255920397105,5,"(887.5, 714.0)"
CA61,g24,1_00-01-14,5,3.3756, ,49,0,0,1,"(1163.75, 636.25)",1,"(977.5, 542.25)",0,0,0,0,1,"(999.5, 788.25)","(1104.0, 566.5)","(1024.5, 619.5)",0.09402066198067688,6.9636337721770305,3,"(899.0, 706.5)"
CA61,g24,1_00-01-14,5,3.3756, ,50,0,0,1,"(1163.75, 636.25)",1,"(977.5, 542.25)",0,0,0,0,1,"(999.5, 788.25)","(1110.0, 558.5)","(1030.5, 615.0)",0.12410094229527835,9.1915276357446,3,"(908.0, 705.0)"
CA61,g24,1_00-01-14,5,3.3756, ,51,1,"(1096.75, 452.25)",1,"(1163.75, 636.25)",1,"(977.5, 542.25)",0,0,0,0,1,"(999.5, 788.25)","(1115.0, 552.5)","(1037.5, 608.0)",0.11089302086477781,8.213283856174137,4,"(920.0, 700.5)"
CA61,g24,1_00-01-14,5,3.3756, ,52,1,"(1096.75, 452.25)",1,"(1163.75, 636.25)",1,"(977.5, 542.25)",0,0,0,0,1,"(999.5, 788.25)","(1121.5, 545.0)","(1043.5, 601.5)",0.050534587370258066,3.742840689069848,4,"(929.5, 697.0)"
CA61,g24,1_00-01-14,5,3.3756, ,53,1,"(1096.75, 452.25)",0,0,1,"(977.5, 542.25)",1,"(1187.0, 663.25)",0,0,1,"(999.5, 788.25)","(1122.0, 541.5)","(1047.5, 601.0)",0.09485271945626947,7.025260051075383,4,"(939.0, 695.0)"
CA61,g24,1_00-01-14,5,3.3756, ,54,1,"(1096.75, 452.25)",0,0,1,"(977.5, 542.25)",1,"(1187.0, 663.25)",0,0,1,"(999.5, 788.25)","(1126.0, 537.0)","(1055.0, 600.0)",0.08974473429934145,6.646937486681257,4,"(942.0, 694.5)"
CA61,g24,1_00-01-14,5,3.3756, ,55,1,"(1096.75, 452.25)",0,0,1,"(977.5, 542.25)",1,"(1187.0, 663.25)",1,"(886.5, 596.5)",1,"(999.5, 788.25)","(1134.0, 525.5)","(1061.5, 597.0)",0.11089302086477781,8.213283856174137,5,"(946.5, 696.0)"
CA61,g24,1_00-01-14,5,3.3756, ,56,1,"(1096.75, 452.25)",0,0,0,0,1,"(1187.0, 663.25)",1,"(886.5, 596.5)",0,0,"(1137.0, 521.5)","(1068.0, 591.0)",0.08148457371658663,6.035149269220093,3,"(951.5, 694.0)"
CA61,g24,1_00-01-14,5,3.3756, ,57,1,"(1096.75, 452.25)",0,0,0,0,1,"(1187.0, 663.25)",1,"(886.5, 596.5)",0,0,"(1140.5, 517.0)","(1070.5, 585.0)",0.08974473429934145,6.646937486681257,3,"(958.5, 690.5)"
CA61,g24,1_00-01-14,5,3.3756, ,58,1,"(1096.75, 452.25)",1,"(1232.25, 531.75)",0,0,1,"(1187.0, 663.25)",1,"(886.5, 596.5)",0,0,"(1144.5, 512.0)","(1077.0, 582.0)",0.10280356743761558,7.614139052286057,4,"(970.5, 685.5)"
CA61,g24,1_00-01-14,5,3.3756, ,59,1,"(1096.75, 452.25)",1,"(1232.25, 531.75)",0,0,1,"(1187.0, 663.25)",1,"(886.5, 596.5)",0,0,"(1150.5, 506.0)","(1082.0, 575.5)",0.12040519590959065,8.917802437446536,4,"(973.0, 683.5)"
CA61,g24,1_00-01-14,5,3.3756, ,60,1,"(1096.75, 452.25)",1,"(1232.25, 531.75)",1,"(1017.5, 466.75)",1,"(1187.0, 663.25)",1,"(886.5, 596.5)",1,"(1096.5, 739.25)","(1154.0, 497.0)","(1089.5, 569.5)",0.031340220660225626,2.3212112573923434,6,"(982.5, 678.5)"
CA61,g24,1_00-01-14,5,3.3756, ,61,1,"(1096.75, 452.25)",1,"(1232.25, 531.75)",1,"(1017.5, 466.75)",1,"(1187.0, 663.25)",1,"(886.5, 596.5)",1,"(1096.5, 739.25)","(1158.0, 495.5)","(1091.5, 568.0)",0.14430121253083988,10.687659241884202,6,"(987.0, 670.5)"
CA61,g24,1_00-01-14,5,3.3756, ,62,1,"(1096.75, 452.25)",1,"(1232.25, 531.75)",1,"(1017.5, 466.75)",1,"(1187.0, 663.25)",1,"(886.5, 596.5)",1,"(1096.5, 739.25)","(1161.5, 494.0)","(1101.0, 561.5)",0.10126335200836603,7.500063103940207,6,"(994.0, 667.5)"
CA61,g24,1_00-01-14,5,3.3756, ,63,1,"(1096.75, 452.25)",1,"(1232.25, 531.75)",1,"(1017.5, 466.75)",1,"(1187.0, 663.25)",1,"(886.5, 596.5)",1,"(1096.5, 739.25)","(1164.0, 491.0)","(1104.0, 554.0)",0.05606309106088628,4.152308929333634,6,"(1000.5, 667.0)"
CA61,g24,1_00-01-14,5,3.3756, ,64,1,"(1096.75, 452.25)",1,"(1232.25, 531.75)",1,"(1017.5, 466.75)",1,"(1187.0, 663.25)",1,"(886.5, 596.5)",1,"(1096.5, 739.25)","(1164.0, 491.0)","(1108.0, 552.0)",0.047736001927197354,3.5355636534154313,6,"(1000.5, 667.0)"
CA61,g24,1_00-01-14,5,3.3756, ,65,1,"(1096.75, 452.25)",1,"(1232.25, 531.75)",1,"(1017.5, 466.75)",1,"(1187.0, 663.25)",1,"(886.5, 596.5)",1,"(1096.5, 739.25)","(1164.0, 491.0)","(1104.5, 553.5)",0.0,0.0,6,"(1000.5, 667.0)"
CA61,g24,1_00-01-14,5,3.3756, ,66,1,"(1096.75, 452.25)",1,"(1232.25, 531.75)",1,"(1017.5, 466.75)",1,"(1187.0, 663.25)",1,"(886.5, 596.5)",1,"(1096.5, 739.25)","(1164.0, 491.0)","(1104.5, 553.5)",0.0,0.0,6,"(1000.5, 667.0)"
CA61,g24,1_00-01-14,5,3.3756, ,67,1,"(1096.75, 452.25)",1,"(1232.25, 531.75)",1,"(1017.5, 466.75)",1,"(1187.0, 663.25)",1,"(886.5, 596.5)",1,"(1096.5, 739.25)","(1164.0, 491.0)","(1104.5, 553.5)",0.0,0.0,6,"(1000.5, 667.0)"
CA61,g24,1_00-01-14,5,3.3756, ,68,1,"(1096.75, 452.25)",1,"(1232.25, 531.75)",1,"(1017.5, 466.75)",1,"(1187.0, 663.25)",1,"(886.5, 596.5)",1,"(1096.5, 739.25)","(1164.0, 491.0)","(1104.5, 553.5)",0.0,0.0,6,"(1000.5, 667.0)"
